0.999997675 0.000687803 -0.002050042 -0.138287112 -0.000680150 0.999992788 0.003731600 -0.004059044 0.002052594 -0.003730197 0.999990940 0.218157426
0.999999523 0.000164764 -0.000945277 -0.002065260 -0.000164896 1.000000000 -0.000139589 -0.002750254 0.000945254 0.000139745 0.999999523 0.155591175
0.999996781 0.000317070 -0.002527961 -0.139254883 -0.000332936 0.999980211 -0.006278025 -0.005743905 0.002525921 0.006278846 0.999977112 0.358894795
0.999971390 0.007562843 0.000050110 -0.004684805 -0.007562328 0.999948323 -0.006790705 -0.004561867 -0.000101465 0.006790131 0.999976933 0.309684336
0.999951005 0.009898493 -0.000065000 -0.005109161 -0.009898679 0.999941945 -0.004252724 -0.005958414 0.000022901 0.004253159 0.999990940 0.385983825
0.999903977 0.013267362 -0.004002790 -0.142128170 -0.013268112 0.999911964 -0.000161121 -0.009517470 0.004000300 0.000214215 0.999991953 0.569150925
0.999856174 0.016570790 -0.003615131 -0.143545136 -0.016560858 0.999859035 0.002760198 -0.010626229 0.003660360 -0.002699932 0.999989629 0.644075692
0.999792397 0.020221571 -0.002493754 -0.146619916 -0.020215994 0.999793112 0.002241716 -0.011918772 0.002538569 -0.002190837 0.999994397 0.735287666
0.999821901 0.018217765 -0.004922050 -0.143289119 -0.018224755 0.999832988 -0.001379194 -0.012578529 0.004896102 0.001468651 0.999986947 0.773110092
0.999783099 0.019878060 -0.006211415 -0.144432083 -0.019916315 0.999782681 -0.006158689 -0.014377377 0.006087642 0.006281062 0.999961734 0.844365716
0.999733686 0.022070728 -0.006742223 -0.147404581 -0.022117095 0.999731719 -0.006881731 -0.014164295 0.006588529 0.007029016 0.999953568 0.935526848
0.999725878 0.021760307 -0.008641691 -0.147603348 -0.021742135 0.999761224 0.002191287 -0.014353346 0.008687311 -0.002002797 0.999960244 0.988328099
0.999756515 0.019195464 -0.010883514 -0.146961421 -0.019069359 0.999751151 0.011574468 -0.014969517 0.011102983 -0.011364108 0.999873757 1.038592339
0.999853492 0.013149151 -0.010959305 -0.148411363 -0.013004428 0.999828637 0.013173765 -0.015807403 0.011130651 -0.013029315 0.999853134 1.107305050
0.999849498 0.012101212 -0.012432913 -0.149490535 -0.012021746 0.999906957 0.006446495 -0.016287209 0.012509767 -0.006296059 0.999901950 1.166113734
0.999838173 0.013079793 -0.012353266 -0.150028929 -0.013059094 0.999913216 0.001754862 -0.016825175 0.012375146 -0.001593256 0.999922156 1.230050802
0.999833167 0.014407092 -0.011229379 -0.150096864 -0.014455562 0.999886513 -0.004247254 -0.018267423 0.011166914 0.004408873 0.999927938 1.284711480
0.999872088 0.012064256 -0.010499996 -0.151256487 -0.012143427 0.999898076 -0.007509248 -0.019971164 0.010408332 0.007635794 0.999916673 1.346053004
0.999933600 0.008146884 -0.008147432 -0.115897521 -0.008247836 0.999888659 -0.012434693 -0.019949043 0.008045222 0.012501067 0.999889493 1.363511562
0.999972463 0.006300032 -0.003915966 -0.115392640 -0.006352164 0.999889433 -0.013446112 -0.021004004 0.003830822 0.013470616 0.999901950 1.422079563
0.999972105 0.007452859 0.000507842 -0.114140473 -0.007448045 0.999932647 -0.008899693 -0.021946818 -0.000574136 0.008895663 0.999960244 1.482044935
0.999906361 0.011427044 0.007526581 -0.115407445 -0.011429716 0.999934614 0.000312139 -0.023023115 -0.007522522 -0.000398136 0.999971628 1.530978799
0.999767542 0.017156962 0.013056434 -0.114880174 -0.017225295 0.999838412 0.005139351 -0.024483329 -0.012966149 -0.005363057 0.999901533 1.589245558
0.999635637 0.018934270 0.019237924 -0.114302337 -0.018998779 0.999814451 0.003176027 -0.025328184 -0.019174220 -0.003540367 0.999809861 1.646934152
0.999494731 0.017554397 0.026497442 -0.106366113 -0.017435338 0.999836862 -0.004717595 -0.026060451 -0.026575934 0.004253220 0.999637723 1.686493993
0.999256670 0.018686032 0.033718009 -0.104908012 -0.018244481 0.999744356 -0.013355952 -0.027269550 -0.033958960 0.012730856 0.999342144 1.742996812
0.998924851 0.021659853 0.040988188 -0.107798979 -0.020893509 0.999600530 -0.019033644 -0.028079340 -0.041384079 0.018156793 0.998978317 1.794094205
0.998601675 0.021116776 0.048464473 -0.105064392 -0.020289974 0.999641180 -0.017489033 -0.029730946 -0.048816394 0.016481236 0.998671770 1.851250052
0.998386800 0.016915515 0.054199781 -0.097190663 -0.016269304 0.999791443 -0.012341910 -0.030798374 -0.054397248 0.011440207 0.998453856 1.899606109
0.998145461 0.008873708 0.060223747 -0.092453249 -0.008493076 0.999942303 -0.006573338 -0.032240681 -0.060278602 0.006049663 0.998163283 1.955592275
0.997817755 0.003491850 0.065935992 -0.059927382 -0.003164434 0.999982119 -0.005069455 -0.032398939 -0.065952517 0.004849742 0.997810960 1.971685410
0.997563362 0.004613415 0.069614023 -0.056532696 -0.004346217 0.999982595 -0.003989260 -0.033412758 -0.069631219 0.003676982 0.997566044 2.027259827
0.997484028 0.007960613 0.070443250 -0.055813424 -0.007793301 0.999966145 -0.002649660 -0.034275085 -0.070461951 0.002094008 0.997512281 2.076317310
0.997473598 0.008389749 0.070540935 -0.052282967 -0.008345628 0.999964774 -0.000920156 -0.034669213 -0.070546165 0.000329123 0.997508466 2.132141113
0.997545123 0.007895831 0.069580100 -0.039932813 -0.008057895 0.999965429 0.002048798 -0.035141621 -0.069561519 -0.002604437 0.997574270 2.172775745
0.997516692 0.009451265 0.069793701 -0.036597043 -0.009764113 0.999943733 0.004142688 -0.036126520 -0.069750622 -0.004813874 0.997552872 2.228995323
0.997386873 0.017845156 0.070006959 -0.024247019 -0.017816661 0.999840736 -0.001031466 -0.036149435 -0.070014216 -0.000218519 0.997545958 2.266400576
0.997352540 0.023207776 0.068915345 -0.021495476 -0.022624036 0.999701381 -0.009238961 -0.037511386 -0.069109179 0.007655359 0.997579753 2.321692944
0.997534871 0.021695636 0.066734485 -0.014704846 -0.020517144 0.999622107 -0.018294439 -0.037740480 -0.067106172 0.016880140 0.997603059 2.368110418
0.997877002 0.016283102 0.063057981 -0.010454436 -0.014875335 0.999630928 -0.022730492 -0.038583186 -0.063404836 0.021744227 0.997750998 2.424715042
0.998089612 0.017880727 0.059139252 -0.005772705 -0.016889550 0.999709129 -0.017217673 -0.039152678 -0.059429914 0.016185945 0.998101234 2.474631310
0.998158038 0.024087640 0.055681009 -0.004524935 -0.023854546 0.999703705 -0.004847166 -0.040164284 -0.055781268 0.003509992 0.998436868 2.533171415
0.998540044 0.018762276 0.050653078 -0.002384829 -0.019304223 0.999761283 0.010231243 -0.041948341 -0.050449029 -0.011194125 0.998663902 2.588661194
0.998857200 0.011231082 0.046455495 0.000663845 -0.012162519 0.999729633 0.019816283 -0.042677298 -0.046220377 -0.020358654 0.998723805 2.647484541
0.998962522 0.010703713 0.044264201 0.002980561 -0.011485702 0.999781787 0.017449971 -0.042287558 -0.044067763 -0.017940272 0.998867452 2.696807861
0.998999417 0.015912341 0.041796990 0.004113472 -0.016388372 0.999804378 0.011071254 -0.042117354 -0.041612644 -0.011745160 0.999064803 2.755763292
0.999136984 0.014905453 0.038769718 0.005583577 -0.015033843 0.999882400 0.003022151 -0.042575043 -0.038720112 -0.003602400 0.999243617 2.803773880
0.999304354 0.006602877 0.036703583 0.008265235 -0.006535344 0.999976695 -0.001959621 -0.042216994 -0.036715668 0.001718387 0.999324262 2.862494946
0.999372303 -0.001244222 0.035404354 0.011710911 0.001154490 0.999996066 0.002554817 -0.042029433 -0.035407394 -0.002512339 0.999369800 2.922053576
0.999382555 -0.008246964 0.034154065 0.014209549 0.008028374 0.999946415 0.006532335 -0.042279705 -0.034206107 -0.006254100 0.999395251 2.970094204
0.999399483 -0.011646512 0.032635570 0.016222097 0.011342227 0.999890625 0.009493386 -0.043174606 -0.032742564 -0.009117525 0.999422252 3.030574560
0.999408007 -0.013729382 0.031545352 0.018304352 0.013520167 0.999885201 0.006835960 -0.044222735 -0.031635586 -0.006405415 0.999478936 3.088332653
0.999332309 -0.019010996 0.031201584 0.020697869 0.018962486 0.999818504 0.001849905 -0.044136394 -0.031231090 -0.001257010 0.999511421 3.137239933
0.999160528 -0.027862398 0.030032191 0.023537623 0.027849222 0.999611795 0.000857040 -0.044607848 -0.030044410 -0.000019948 0.999548554 3.195771456
0.999148130 -0.029095352 0.029266270 0.024938151 0.029002486 0.999572873 0.003592677 -0.044663329 -0.029358299 -0.002740822 0.999565184 3.253787518
0.999119997 -0.030878318 0.028386058 0.027624724 0.030658694 0.999496758 0.008140070 -0.045409337 -0.028623126 -0.007262627 0.999563873 3.305575609
0.999097168 -0.032539103 0.027314974 0.029419944 0.032235879 0.999414504 0.011468999 -0.046524618 -0.027672170 -0.010578122 0.999561071 3.364278078
0.999096215 -0.033202998 0.026539501 0.031781130 0.032984987 0.999418736 0.008610786 -0.046753183 -0.026809979 -0.007727598 0.999610662 3.421949387
0.998982012 -0.036029041 0.027144169 0.034404043 0.036008924 0.999350727 0.001229753 -0.046487503 -0.027170852 -0.000251069 0.999630749 3.474611282
0.998971462 -0.036293827 0.027179481 0.035828829 0.036535770 0.999296546 -0.008458490 -0.047189381 -0.026853371 0.009442814 0.999594808 3.532578945
0.999055743 -0.034349091 0.026603794 0.037980333 0.034736123 0.999295294 -0.014224914 -0.047391284 -0.026096432 0.015135595 0.999544859 3.591209412
0.999103904 -0.032333143 0.027311547 0.037685800 0.032701261 0.999378800 -0.013141008 -0.047690459 -0.026869690 0.014022355 0.999540567 3.648489714
0.999001920 -0.035638042 0.026927147 0.040618688 0.035818182 0.999338865 -0.006237391 -0.048805159 -0.026687056 0.007195647 0.999617934 3.696662426
0.998918831 -0.038498092 0.026059814 0.042694725 0.038470659 0.999258518 0.001553440 -0.049705733 -0.026100295 -0.000549222 0.999659181 3.751865149
0.998919487 -0.038289897 0.026339855 0.043136109 0.038134810 0.999252319 0.006365452 -0.051038899 -0.026563894 -0.005354109 0.999632776 3.804967403
0.998997569 -0.037356187 0.024665557 0.046621051 0.037146829 0.999270260 0.008892338 -0.050738048 -0.024979742 -0.007967176 0.999656200 3.856396437
0.998925388 -0.040296555 0.022896104 0.045741718 0.040032834 0.999127924 0.011862224 -0.051304068 -0.023354143 -0.010932881 0.999667466 3.899250984
0.998699486 -0.047761269 0.017836804 0.046936329 0.047549739 0.998795569 0.012100896 -0.052718587 -0.018393274 -0.011237023 0.999767661 3.946929455
0.998648524 -0.050944351 0.010288099 0.047678545 0.050852850 0.998665869 0.008968040 -0.052309003 -0.010731244 -0.008432741 0.999906838 3.992073774
0.998539031 -0.054015964 -0.001459618 0.048287153 0.054022562 0.998527527 0.004938710 -0.053197440 0.001190699 -0.005010347 0.999986768 4.040069103
0.998378515 -0.054804504 -0.015387888 0.046750177 0.054825108 0.998495519 0.000920050 -0.053832553 0.015314315 -0.001762201 0.999881148 4.083481789
0.997854114 -0.055571262 -0.034625787 0.045037247 0.055521183 0.998454630 -0.002406867 -0.054217942 0.034706030 0.000479238 0.999397457 4.126512527
0.996695995 -0.059137654 -0.055675633 0.040020853 0.059127074 0.998248756 -0.001838678 -0.055259980 0.055686869 -0.001459334 0.998447239 4.159011841
0.995166421 -0.057319440 -0.079739027 0.034145165 0.057500456 0.998345494 -0.000026104 -0.055866662 0.079608597 -0.004559053 0.996815801 4.200518608
0.992466569 -0.057821460 -0.108013086 0.028421460 0.058344997 0.998295069 0.001690359 -0.056532867 0.107731193 -0.007979647 0.994148016 4.240666389
0.988208413 -0.059730545 -0.140983611 0.020786915 0.060364928 0.998176336 0.000223524 -0.057501096 0.140713155 -0.008731353 0.990011930 4.283955574
0.982644320 -0.057028275 -0.176515982 0.010541914 0.057191104 0.998354554 -0.004169162 -0.058772177 0.176463291 -0.005998340 0.984288931 4.323223591
0.974551857 -0.053469494 -0.217691749 0.004417077 0.052642614 0.998567283 -0.009600403 -0.059228025 0.217893183 -0.002103773 0.975970328 4.350434303
0.964032292 -0.048949961 -0.261238635 -0.007265672 0.046907280 0.998800397 -0.014052697 -0.060487568 0.261613131 0.001293263 0.965171933 4.386468887
0.950582743 -0.043677788 -0.307383597 -0.021402482 0.040643986 0.999041259 -0.016267754 -0.061369695 0.307799429 0.002970552 0.951446652 4.422082424
0.934611619 -0.034100264 -0.354031533 -0.037053920 0.029268639 0.999391079 -0.018994613 -0.061847340 0.354463667 0.007390565 0.935040593 4.451071262
0.915189803 -0.020507090 -0.402501017 -0.056102291 0.013496710 0.999703944 -0.020245828 -0.063401967 0.402797043 0.013096336 0.915195644 4.482638359
0.891431808 -0.008441702 -0.453076243 -0.074543372 -0.000440142 0.999809861 -0.019494407 -0.064279370 0.453154653 0.017577352 0.891258597 4.512123108
0.864015698 0.000831860 -0.503464222 -0.096379429 -0.011002487 0.999791026 -0.017229896 -0.065807015 0.503344655 0.020426258 0.863844275 4.541206837
0.832743227 0.007618361 -0.553606987 -0.117759854 -0.018739440 0.999720275 -0.014430656 -0.065796107 0.553342164 0.022391316 0.832653046 4.566919327
0.798738897 0.015002284 -0.601490736 -0.141725034 -0.023731554 0.999696732 -0.006579622 -0.066277921 0.601209581 0.019529710 0.798852682 4.593052864
0.762289643 0.026449913 -0.646695375 -0.166112483 -0.029440623 0.999547422 0.006178582 -0.066252887 0.646566153 0.014329245 0.762723386 4.617100239
0.724238634 0.037928995 -0.688505471 -0.193360090 -0.035010435 0.999220848 0.018218491 -0.066354275 0.688660085 0.010910338 0.725002289 4.640386105
0.684471607 0.046818238 -0.727534652 -0.219816804 -0.040127285 0.998842418 0.026525274 -0.065930083 0.727934361 0.011038194 0.685557961 4.659446716
0.642950177 0.051195424 -0.764195085 -0.248761237 -0.041785285 0.998622179 0.031744551 -0.065239660 0.764767289 0.011521941 0.644203544 4.678595543
0.598943472 0.053465776 -0.799004495 -0.275946021 -0.041350506 0.998502493 0.035818439 -0.065015115 0.799723029 0.011586015 0.600257397 4.694019318
0.552636623 0.050743170 -0.831876218 -0.305830240 -0.035332687 0.998673856 0.037445165 -0.064721771 0.832673132 0.008698845 0.553696632 4.710042953
0.503608525 0.044788592 -0.862770200 -0.334888220 -0.028856194 0.998970091 0.035015397 -0.063262194 0.863449931 0.007262212 0.504382253 4.723842144
0.452396572 0.037174664 -0.891041875 -0.366786122 -0.020775914 0.999298990 0.031142930 -0.062438674 0.891574979 0.004423248 0.452851772 4.737371922
0.399818540 0.031885915 -0.916039526 -0.397974491 -0.017861882 0.999476016 0.026994137 -0.061174296 0.916420221 0.005569434 0.400178611 4.748607635
0.349672735 0.029634617 -0.936403215 -0.433830023 -0.016885679 0.999536574 0.025327152 -0.060431588 0.936719835 0.006955585 0.350011110 4.758564472
0.301617205 0.030893032 -0.952928603 -0.468508005 -0.018693520 0.999474406 0.026485203 -0.059780732 0.953245938 0.009825190 0.302036226 4.766026020
0.255913794 0.031847864 -0.966174901 -0.506708860 -0.017517630 0.999445856 0.028304620 -0.058903672 0.966540933 0.009681551 0.256329894 4.773433208
0.213271379 0.030846573 -0.976505935 -0.546089649 -0.016244071 0.999475241 0.028024400 -0.057999827 0.976857960 0.009885630 0.213660538 4.779561996
0.173539579 0.029988084 -0.984370232 -0.585912704 -0.016092639 0.999489188 0.027611619 -0.057232212 0.984695435 0.011049403 0.173933566 4.784116745
0.138607681 0.028544916 -0.989935935 -0.627826691 -0.015737407 0.999521792 0.026617823 -0.056095969 0.990222394 0.011889587 0.138990641 4.788285255
0.109542549 0.026119418 -0.993638873 -0.670411587 -0.017449487 0.999551177 0.024351135 -0.055189021 0.993828952 0.014671004 0.109949172 4.790943146
0.084032893 0.024343725 -0.996165574 -0.715990305 -0.017642207 0.999581218 0.022938961 -0.054434832 0.996306777 0.015646933 0.084427178 4.793646812
0.061787248 0.022926567 -0.997825980 -0.759105206 -0.019216696 0.999578178 0.021776892 -0.053324215 0.997904301 0.017829385 0.062201738 4.794412613
0.044226289 0.022025969 -0.998778760 -0.807151556 -0.021744944 0.999541283 0.021079911 -0.053338282 0.998784900 0.020786101 0.044684947 4.793508053
0.028630793 0.020801047 -0.999373734 -0.853862047 -0.024795370 0.999490619 0.020093122 -0.052082162 0.999282658 0.024204554 0.029131949 4.794886112
0.019305468 0.019558577 -0.999622464 -0.904839754 -0.027246818 0.999447584 0.019028943 -0.052381303 0.999442399 0.026869163 0.019827724 4.793422699
0.012017965 0.017209826 -0.999779701 -0.954121351 -0.026845405 0.999497056 0.016882261 -0.050361596 0.999567389 0.026636599 0.012473941 4.794971943
0.008500695 0.016889112 -0.999821365 -1.007973433 -0.027731655 0.999476790 0.016647508 -0.049950153 0.999579370 0.027585180 0.008964598 4.795360565
0.006712914 0.017636647 -0.999821901 -1.061103821 -0.026842235 0.999487340 0.017450523 -0.049839407 0.999617100 0.026720311 0.007182896 4.794872284
0.005442917 0.017626822 -0.999829888 -1.118562460 -0.026596466 0.999493480 0.017476102 -0.048628967 0.999631524 0.026496818 0.005909026 4.795484543
0.005631924 0.018452642 -0.999813855 -1.174528599 -0.026785005 0.999473810 0.018295487 -0.048205473 0.999625325 0.026676981 0.006123185 4.795244217
0.006298006 0.018407026 -0.999810815 -1.235730410 -0.025601372 0.999505818 0.018240143 -0.047267597 0.999652445 0.025481649 0.006766140 4.796307087
0.007420421 0.016333228 -0.999839246 -1.295980692 -0.023983696 0.999581873 0.016151024 -0.046540521 0.999684989 0.023859987 0.007809103 4.795169830
0.008131146 0.013817709 -0.999871433 -1.360910416 -0.021872839 0.999667764 0.013637019 -0.046059802 0.999727666 0.021759143 0.008430719 4.796919346
0.009460866 0.012128475 -0.999881744 -1.424090385 -0.020760557 0.999713302 0.011929996 -0.044472270 0.999739766 0.020645231 0.009709895 4.796701431
0.010524750 0.011359151 -0.999880254 -1.492267132 -0.021564312 0.999705493 0.011130179 -0.043460939 0.999712229 0.021444581 0.010766566 4.797440529
0.011957347 0.010988124 -0.999868155 -1.560996056 -0.022017257 0.999700069 0.010722974 -0.042695090 0.999686122 0.021886135 0.012195647 4.797430992
0.012754560 0.011740301 -0.999849916 -1.633496046 -0.020254903 0.999728918 0.011480497 -0.042397004 0.999713659 0.020105427 0.012988925 4.799667358
0.015584111 0.012055828 -0.999806046 -1.704770088 -0.018004537 0.999768555 0.011774736 -0.041687105 0.999716580 0.017817542 0.015797555 4.798225403
0.017616749 0.011342554 -0.999780476 -1.782334805 -0.014191064 0.999837756 0.011093149 -0.040682979 0.999744058 0.013992524 0.017774820 4.799793243
0.018632174 0.011955922 -0.999754906 -1.857723713 -0.014039890 0.999833047 0.011695199 -0.040294193 0.999727845 0.013818542 0.018796921 4.800909519
0.019543231 0.014453293 -0.999704659 -1.937693596 -0.013033617 0.999814212 0.014200083 -0.039830212 0.999724150 0.012752249 0.019727945 4.802895546
0.020723164 0.018943587 -0.999605834 -2.013971567 -0.011157381 0.999762595 0.018715251 -0.039253775 0.999723017 0.010765142 0.020929575 4.803218365
0.021753550 0.023752758 -0.999481261 -2.096022367 -0.009913215 0.999673724 0.023541573 -0.038797416 0.999714315 0.009395957 0.021981955 4.805294037
0.021759808 0.024332309 -0.999467134 -2.170999765 -0.009117845 0.999667048 0.024138667 -0.037753232 0.999721706 0.008587732 0.021974385 4.805596352
0.021360219 0.021491529 -0.999540925 -2.251208067 -0.009994493 0.999723554 0.021281876 -0.037176780 0.999722004 0.009535316 0.021569073 4.806062222
0.019704103 0.016737584 -0.999665737 -2.329352379 -0.008773062 0.999824286 0.016567316 -0.036287919 0.999767363 0.008443686 0.019847512 4.808116436
0.017663240 0.015980432 -0.999716282 -2.409160614 -0.006140744 0.999855161 0.015874155 -0.035783790 0.999825180 0.005858613 0.017758846 4.809621334
0.015456140 0.020836825 -0.999663532 -2.488727331 -0.004079860 0.999775827 0.020776087 -0.035182156 0.999872386 0.003757365 0.015537739 4.810286522
0.012148440 0.027496515 -0.999548137 -2.568970680 -0.001642221 0.999621034 0.027478563 -0.035397865 0.999924898 0.001307656 0.012188971 4.811406136
0.009274721 0.030725168 -0.999484897 -2.646581173 -0.000150533 0.999527872 0.030725094 -0.033431254 0.999957025 -0.000134513 0.009274960 4.811105728
0.006478012 0.030603819 -0.999510586 -2.725865364 0.002362703 0.999528289 0.030619673 -0.032207809 0.999976218 -0.002559901 0.006402671 4.811324120
0.003404140 0.028776390 -0.999580085 -2.802988529 0.003157604 0.999580562 0.028787157 -0.031068861 0.999989212 -0.003254272 0.003311813 4.812024593
0.000323713 0.025366848 -0.999678195 -2.882584333 0.000993433 0.999677718 0.025367158 -0.029445767 0.999999523 -0.001001327 0.000298381 4.811773300
-0.001861930 0.024257973 -0.999704063 -2.960499048 -0.000880179 0.999705315 0.024259645 -0.028825693 0.999997973 0.000925085 -0.001839995 4.810962677
-0.003416777 0.023713386 -0.999713004 -3.040279388 -0.001186452 0.999718010 0.023717560 -0.027754381 0.999993503 0.001267148 -0.003387690 4.810553551
-0.004779220 0.022180332 -0.999742568 -3.115957975 -0.005851457 0.999736249 0.022208164 -0.027266741 0.999971449 0.005956089 -0.004648209 4.808055878
-0.005555153 0.019288683 -0.999798596 -3.194876432 -0.009385100 0.999768913 0.019340258 -0.026811533 0.999940634 0.009490645 -0.005372882 4.806011200
-0.006227732 0.016079850 -0.999851286 -3.270263195 -0.011852242 0.999799311 0.016152838 -0.026746631 0.999910355 0.011951076 -0.006035924 4.804277420
-0.005575180 0.015485735 -0.999864638 -3.349825382 -0.013708901 0.999784946 0.015560942 -0.026504304 0.999890566 0.013793798 -0.005361795 4.803432941
-0.003421903 0.015219926 -0.999878287 -3.424802065 -0.014344260 0.999780536 0.015267529 -0.026353158 0.999891222 0.014394758 -0.003202915 4.800734520
-0.001711249 0.014986873 -0.999886215 -3.502022028 -0.013938526 0.999790192 0.015009288 -0.026833013 0.999901354 0.013962623 -0.001501918 4.800874233
0.000405610 0.016071890 -0.999870777 -3.578327656 -0.012044648 0.999798417 0.016065840 -0.026661329 0.999927402 0.012036574 0.000599086 4.799998283
0.002606332 0.017312109 -0.999846876 -3.656002045 -0.010091959 0.999799669 0.017284986 -0.026744165 0.999945819 0.010045361 0.002780557 4.799993992
0.004239142 0.019049849 -0.999809682 -3.731432199 -0.004060942 0.999810636 0.019032652 -0.026564933 0.999982893 0.003979485 0.004315734 4.800427437
0.006429195 0.018638659 -0.999805748 -3.807954788 0.001444679 0.999825060 0.018648311 -0.026353389 0.999978423 -0.001564294 0.006401122 4.800601482
0.008142769 0.017159279 -0.999819636 -3.883972406 0.000631386 0.999852479 0.017164985 -0.025622822 0.999966681 -0.000771043 0.008130729 4.800848007
0.009803474 0.016720107 -0.999812186 -3.959868908 0.000796192 0.999859750 0.016728710 -0.025672697 0.999951661 -0.000960043 0.009788752 4.801018715
0.010232389 0.016780652 -0.999806881 -4.034281254 0.004536388 0.999848127 0.016827773 -0.024864696 0.999937415 -0.004707701 0.010154724 4.802414894
0.010187447 0.020190656 -0.999744356 -4.110986233 0.006834556 0.999771357 0.020260848 -0.023972496 0.999924898 -0.007039217 0.010047138 4.803357601
0.009606898 0.024625560 -0.999650598 -4.183761597 0.005096965 0.999682546 0.024675330 -0.023618780 0.999940872 -0.005332237 0.009478331 4.803455353
0.008551061 0.027129117 -0.999595404 -4.260011673 0.003103784 0.999626398 0.027156509 -0.023125716 0.999958694 -0.003334746 0.008463681 4.802403450
0.005756617 0.025187863 -0.999666274 -4.334136963 0.001864719 0.999680698 0.025198968 -0.022304960 0.999981761 -0.002009160 0.005707800 4.802132607
0.003086746 0.022480380 -0.999742687 -4.404294968 0.001234788 0.999746442 0.022484280 -0.022002146 0.999994636 -0.001303877 0.003058255 4.802216053
0.000283241 0.018844370 -0.999822497 -4.476736069 0.000101556 0.999822438 0.018844400 -0.021254778 1.000000000 -0.000106879 0.000281274 4.800607204
-0.004606366 0.017701440 -0.999832749 -4.549062252 -0.001159162 0.999842525 0.017706955 -0.020985954 0.999988735 0.001240531 -0.004585028 4.799453259
-0.009577513 0.017059980 -0.999808729 -4.622102261 -0.003223992 0.999848723 0.017091548 -0.020960644 0.999949038 0.003387067 -0.009521127 4.798243999
-0.014421940 0.017808745 -0.999737501 -4.697103024 -0.005285245 0.999826074 0.017886568 -0.020792373 0.999882162 0.005541814 -0.014325261 4.796323776
-0.018880963 0.019141316 -0.999638438 -4.766168594 -0.007054494 0.999789298 0.019277448 -0.019994505 0.999796808 0.007415922 -0.018741965 4.792513847
-0.023428082 0.022376403 -0.999475062 -4.840475082 -0.009459749 0.999699771 0.022603173 -0.019844696 0.999680758 0.009984332 -0.023209333 4.790003777
-0.027437568 0.023633802 -0.999344289 -4.912309647 -0.014071171 0.999612272 0.024026474 -0.019331113 0.999524713 0.014721164 -0.027094364 4.786942005
-0.030474305 0.023322636 -0.999263406 -4.983343124 -0.017979423 0.999553204 0.023877714 -0.018207930 0.999373853 0.018693835 -0.030041337 4.783155918
-0.032612324 0.021642586 -0.999233723 -5.054231644 -0.021577857 0.999517262 0.022352969 -0.017442226 0.999235153 0.022290302 -0.032129526 4.779720783
-0.033767939 0.021049527 -0.999208093 -5.125499725 -0.026993219 0.999394238 0.021965677 -0.016547084 0.999065161 0.027713576 -0.033179283 4.775686741
-0.034828544 0.021585347 -0.999160290 -5.193071365 -0.031145018 0.999257684 0.022673098 -0.016134061 0.998907983 0.031908531 -0.034130335 4.770631790
-0.035100222 0.021990953 -0.999141872 -5.259999752 -0.033463925 0.999171376 0.023167202 -0.015416734 0.998823404 0.034248382 -0.034335256 4.766913414
-0.035465837 0.021817546 -0.999132812 -5.326491833 -0.036153402 0.999079227 0.023099698 -0.015082613 0.998716831 0.036941294 -0.034644485 4.765193939
-0.034366012 0.021958405 -0.999168277 -5.403177261 -0.040041521 0.998925626 0.023330281 -0.014375813 0.998607039 0.040809974 -0.033449888 4.761027336
-0.034079194 0.022166178 -0.999173343 -5.456457615 -0.041714493 0.998851240 0.023581801 -0.014173597 0.998548210 0.042483650 -0.033115387 4.757204056
-0.032984972 0.023036070 -0.999190509 -5.522214890 -0.043185350 0.998767793 0.024451943 -0.013418078 0.998522580 0.043956924 -0.031949520 4.755298615
-0.030769825 0.023951773 -0.999239624 -5.587471485 -0.042913817 0.998759329 0.025261715 -0.012709677 0.998604953 0.043658473 -0.029703736 4.754314423
-0.027060986 0.024692392 -0.999328852 -5.640692234 -0.044519603 0.998673201 0.025881745 -0.012980044 0.998642027 0.045190103 -0.025925875 4.747721195
-0.024386406 0.023408322 -0.999428749 -5.699266434 -0.045850560 0.998647630 0.024508795 -0.012128875 0.998650789 0.046422035 -0.023280144 4.746691227
-0.021600962 0.022183971 -0.999520659 -5.757124901 -0.045591272 0.998691857 0.023150861 -0.011875391 0.998726726 0.046069488 -0.020561337 4.745552540
-0.018445015 0.021523045 -0.999598384 -5.814311504 -0.044112060 0.998777211 0.022319334 -0.011497572 0.998856485 0.044506010 -0.017473102 4.743635178
-0.015638232 0.020913729 -0.999659061 -5.868819237 -0.042016085 0.998884380 0.021554803 -0.011147946 0.998994589 0.042338837 -0.014742017 4.743966579
-0.012150526 0.021768065 -0.999689221 -5.922717571 -0.042271975 0.998858035 0.022263756 -0.010973394 0.999032259 0.042529356 -0.011216521 4.741991043
-0.008279443 0.022965781 -0.999702096 -5.973981857 -0.043129042 0.998797715 0.023302192 -0.010798991 0.999035358 0.043309111 -0.007279038 4.741289139
-0.003868222 0.023013994 -0.999727666 -6.024353027 -0.043883260 0.998768151 0.023161700 -0.010496795 0.999029219 0.043960903 -0.002853513 4.740231514
0.000203669 0.022449708 -0.999747932 -6.074794769 -0.043436382 0.998804629 0.022419678 -0.009912014 0.999056160 0.043420870 0.001178563 4.741352558
0.004814386 0.023031805 -0.999723315 -6.121039867 -0.042500935 0.998836100 0.022806689 -0.009831771 0.999085009 0.042379364 0.005787671 4.741368294
0.008994639 0.023669830 -0.999679446 -6.167466164 -0.041786335 0.998855472 0.023274343 -0.009148568 0.999086142 0.041563589 0.009973407 4.742495537
0.013480306 0.024355890 -0.999612510 -6.209584713 -0.039694905 0.998928249 0.023803908 -0.009196833 0.999120951 0.039358635 0.014432669 4.742601395
0.017811179 0.025287591 -0.999521673 -6.252199173 -0.039950959 0.998899758 0.024559941 -0.008252129 0.999042988 0.039494399 0.018801868 4.743727207
0.022881091 0.026920054 -0.999375701 -6.294375420 -0.040322345 0.998848855 0.025982667 -0.007879779 0.998924673 0.039702658 0.023940206 4.745110989
0.027888954 0.027832104 -0.999223530 -6.332688808 -0.040537968 0.998821497 0.026689466 -0.006899372 0.998788714 0.039762150 0.028984368 4.746120930
0.033673525 0.029204337 -0.999006152 -6.371810913 -0.039372046 0.998835802 0.027872240 -0.008355334 0.998657107 0.038394354 0.034784198 4.746580601
0.039843738 0.028912609 -0.998787582 -6.407651901 -0.038219333 0.998893917 0.027391037 -0.006441653 0.998474777 0.037081633 0.040904701 4.748010159
0.045090914 0.028232522 -0.998583853 -6.441876411 -0.036492955 0.998979926 0.026595883 -0.006701142 0.998316109 0.035242043 0.046075225 4.752072811
0.050878823 0.027185544 -0.998334765 -6.473571301 -0.034157302 0.999091983 0.025465382 -0.007014737 0.998120546 0.032804776 0.051761210 4.754209042
0.057668388 0.026188605 -0.997992218 -6.505209446 -0.033371631 0.999147773 0.024290569 -0.006114036 0.997777879 0.031903833 0.058493197 4.755286694
0.062966287 0.025255715 -0.997696042 -6.534613132 -0.032542195 0.999200106 0.023239996 -0.005901277 0.997484982 0.031003881 0.063737810 4.757463932
0.067436039 0.025019368 -0.997409940 -6.561762810 -0.032729432 0.999202967 0.022851469 -0.005556092 0.997186720 0.031103643 0.068201125 4.760866165
0.071889460 0.025995303 -0.997073889 -6.587502480 -0.032421514 0.999192953 0.023712944 -0.006231293 0.996885657 0.030621931 0.072674215 4.763217926
0.075632334 0.025711602 -0.996804237 -6.610643387 -0.031913683 0.999217808 0.023352411 -0.006037384 0.996624947 0.030045494 0.076393723 4.765819550
0.079692543 0.023646632 -0.996539116 -6.630687237 -0.030378902 0.999311864 0.021283045 -0.006085411 0.996356606 0.028577656 0.080356061 4.767241955
0.082653701 0.018086258 -0.996414244 -6.648484230 -0.028509662 0.999468982 0.015776794 -0.005562931 0.996170521 0.027103420 0.083125472 4.769989491
0.085787296 0.014867634 -0.996202648 -6.663698673 -0.027070453 0.999554276 0.012586500 -0.006455302 0.995945752 0.025887892 0.086151540 4.770861626
0.087884963 0.015329164 -0.996012747 -6.676700592 -0.026577236 0.999561727 0.013038694 -0.006718785 0.995776057 0.025325360 0.088253856 4.772234440
0.089120865 0.016789204 -0.995879471 -6.687744617 -0.027207606 0.999525845 0.014415878 -0.006503046 0.995649278 0.025810733 0.089535415 4.773878574
0.090158045 0.015991533 -0.995799124 -6.695770264 -0.026819246 0.999547482 0.013623556 -0.006621584 0.995566368 0.025478305 0.090546131 4.774610043
0.091150045 0.013553509 -0.995744884 -6.702616692 -0.026754435 0.999579787 0.011156620 -0.006613322 0.995477676 0.025623668 0.091474354 4.774933815
0.091351748 0.011788515 -0.995748997 -6.708368301 -0.025989307 0.999617577 0.009450009 -0.006696567 0.995479584 0.025015550 0.091623187 4.776491642
0.091733932 0.011328047 -0.995719254 -6.713330269 -0.026081730 0.999619544 0.008969553 -0.006617852 0.995442033 0.025147263 0.091994464 4.776278496
0.091746092 0.011224071 -0.995719254 -6.717246056 -0.025957141 0.999623656 0.008876378 -0.006346568 0.995444119 0.025031650 0.092002869 4.776920795
0.091662586 0.011080574 -0.995728552 -6.719954491 -0.026310980 0.999615908 0.008701754 -0.006340303 0.995442510 0.025400966 0.091918945 4.777454853
0.091668904 0.011171425 -0.995727003 -6.721369743 -0.026275586 0.999616027 0.008796067 -0.006789871 0.995442927 0.025356982 0.091927230 4.777540684
0.091977775 0.011104912 -0.995699167 -6.722478867 -0.026374796 0.999614179 0.008712200 -0.006584711 0.995411754 0.025460033 0.092235208 4.777047157
0.091825962 0.010559217 -0.995719135 -6.721191406 -0.026467733 0.999616385 0.008159672 -0.006187551 0.995423317 0.025605157 0.092070222 4.777069569
0.091892421 0.009698689 -0.995721757 -6.720964432 -0.026827078 0.999613702 0.007260800 -0.006787337 0.995407522 0.026045091 0.092117071 4.776881695
0.091826677 0.007743119 -0.995744944 -6.720775604 -0.027473647 0.999608815 0.005239571 -0.006754741 0.995395958 0.026875613 0.092003524 4.777245045
0.091981053 0.007771466 -0.995730519 -6.721533775 -0.027337389 0.999612331 0.005276457 -0.007696085 0.995385528 0.026735336 0.092157841 4.776702404
0.091990709 0.007857776 -0.995729029 -6.720831394 -0.027038921 0.999619842 0.005390480 -0.006674908 0.995392859 0.026427560 0.092168212 4.776729584
0.091803968 0.007595318 -0.995748281 -6.720958710 -0.026829043 0.999626756 0.005151370 -0.006878741 0.995415747 0.026242053 0.091973484 4.777276516
0.091824949 0.007262893 -0.995748699 -6.721261978 -0.026735261 0.999630928 0.004825764 -0.007328682 0.995416224 0.026178475 0.091985226 4.777109146
0.091806054 0.006879723 -0.995753288 -6.721964836 -0.026748938 0.999632299 0.004440333 -0.006846853 0.995417714 0.026227690 0.091956317 4.777338982
0.091683924 0.006423051 -0.995767593 -6.722251892 -0.026842216 0.999631763 0.003976513 -0.006716244 0.995426476 0.026364023 0.091822565 4.777686119
0.091764987 0.006283113 -0.995761037 -6.723667622 -0.026626125 0.999638021 0.003853826 -0.007078722 0.995424807 0.026159607 0.091899037 4.777273655
0.092250764 0.006431695 -0.995715141 -6.725593567 -0.026630977 0.999637365 0.003989728 -0.006681912 0.995379746 0.026148807 0.092388570 4.776861191
0.092211604 0.006397557 -0.995718956 -6.726660252 -0.026407108 0.999643385 0.003977258 -0.006800607 0.995389283 0.025927307 0.092347682 4.777050018
0.092183888 0.006175510 -0.995722890 -6.729546547 -0.026461462 0.999642789 0.003750023 -0.006927386 0.995390356 0.026002590 0.092314363 4.777664661
0.092125416 0.005201902 -0.995733917 -6.732518196 -0.026310740 0.999649942 0.002788086 -0.006916430 0.995399833 0.025941640 0.092230022 4.778397560
0.093044519 0.002716194 -0.995658338 -6.736707211 -0.026302263 0.999653995 0.000269138 -0.006577201 0.995314598 0.026163023 0.093083799 4.777786255
0.093684256 0.000190833 -0.995601952 -6.741837502 -0.026190957 0.999654353 -0.002272911 -0.006649114 0.995257378 0.026288703 0.093656898 4.778448582
0.094879508 -0.002030430 -0.995486736 -6.748993874 -0.025705524 0.999659479 -0.004488927 -0.006749211 0.995156884 0.026015414 0.094795048 4.779599667
0.097178996 -0.002716503 -0.995263338 -6.757903576 -0.025771100 0.999654114 -0.005244818 -0.007199099 0.994933307 0.026158713 0.097075343 4.780590534
0.100573897 -0.004081237 -0.994921267 -6.768469810 -0.025196396 0.999660432 -0.006647715 -0.007134982 0.994610548 0.025737017 0.100436926 4.782412529
0.106529832 -0.006002996 -0.994291484 -6.781284332 -0.024730591 0.999656439 -0.008685062 -0.007113379 0.994002044 0.025514632 0.106344759 4.783473015
0.113734782 -0.007250357 -0.993484735 -6.794936180 -0.024244115 0.999655366 -0.010070875 -0.007470088 0.993215382 0.025231566 0.113519788 4.786381245
0.123229504 -0.007613087 -0.992349029 -6.810894489 -0.024883194 0.999632478 -0.010758950 -0.007543459 0.992066264 0.026018634 0.122994781 4.789169312
0.135490179 -0.007753425 -0.990748525 -6.828873634 -0.025759766 0.999603808 -0.011345517 -0.007722542 0.990443945 0.027058654 0.135236740 4.791557312
0.149410665 -0.008184953 -0.988741517 -6.847510338 -0.027229751 0.999552429 -0.012389194 -0.008145126 0.988400400 0.028774260 0.149120927 4.795481205
0.165774703 -0.007635393 -0.986134171 -6.868313313 -0.027205300 0.999554038 -0.012312665 -0.007742541 0.985788405 0.028869202 0.165493011 4.800330162
0.185095191 -0.002698044 -0.982716918 -6.888736248 -0.025933614 0.999634564 -0.007629100 -0.008322390 0.982378364 0.026897511 0.184957564 4.804213524
0.207695723 0.001813693 -0.978191853 -6.910558701 -0.025775377 0.999661207 -0.003619290 -0.009014510 0.977853894 0.025964973 0.207672119 4.809824467
0.231129110 0.002859043 -0.972918928 -6.933598518 -0.026747227 0.999636412 -0.003416587 -0.009703852 0.972555399 0.026812555 0.231121540 4.817368507
0.257290304 0.001563225 -0.966332972 -6.956405640 -0.023836968 0.999704659 -0.004729490 -0.010101128 0.966040194 0.024251299 0.257251620 4.826033592
0.287382722 0.001208195 -0.957815111 -6.979388237 -0.021173267 0.999762833 -0.005091716 -0.010164924 0.957581818 0.021743344 0.287340164 4.834488869
0.320169210 0.000588892 -0.947360218 -7.002976894 -0.016648779 0.999848843 -0.005005090 -0.010397963 0.947214127 0.017374866 0.320130646 4.844706535
0.355221689 0.000670620 -0.934781849 -7.027892590 -0.011526093 0.999926865 -0.003662616 -0.010645144 0.934710979 0.012075422 0.355203390 4.857986927
0.394481838 0.004339028 -0.918893516 -7.052832603 -0.009078894 0.999958456 0.000824239 -0.011442147 0.918858945 0.008017389 0.394504845 4.871542454
0.435239017 0.009596102 -0.900263786 -7.079847813 -0.010374112 0.999930263 0.005643029 -0.009792842 0.900255144 0.006883371 0.435308218 4.882684708
0.478798807 0.014234554 -0.877809286 -7.105305672 -0.014809684 0.999857247 0.008135779 -0.009946212 0.877799749 0.009104675 0.478941262 4.898681641
0.523304880 0.017133070 -0.851973295 -7.129467487 -0.018021457 0.999796748 0.009036517 -0.009906895 0.851954937 0.010624945 0.523507297 4.917205811
0.568930626 0.018477459 -0.822177947 -7.154534817 -0.016789909 0.999800146 0.010851023 -0.010470010 0.822214186 0.007630813 0.569127202 4.938004494
0.614070535 0.017784199 -0.789050758 -7.177456856 -0.013591931 0.999836147 0.011957254 -0.010902934 0.789134085 0.003382126 0.614211679 4.961327076
0.659654617 0.014397129 -0.751430988 -7.200368881 -0.009755637 0.999896288 0.010593502 -0.011318475 0.751505554 0.000342633 0.659726739 4.986547470
0.703571439 0.010614806 -0.710545301 -7.221250057 -0.008882068 0.999941707 0.006143194 -0.011001308 0.710569084 0.001988934 0.703624725 5.013957977
0.747140646 0.006591983 -0.664633334 -7.242433071 -0.008605404 0.999962926 0.000244183 -0.011210682 0.664610267 0.005536999 0.747169614 5.042871475
0.788930714 0.005745804 -0.614455342 -7.263043404 -0.010908400 0.999929667 -0.004655459 -0.010490742 0.614385366 0.010375557 0.788937926 5.074152946
0.827954888 0.005695365 -0.560765803 -7.283258438 -0.011413638 0.999912441 -0.006696400 -0.009062942 0.560678542 0.011944695 0.827947378 5.104803085
0.862886369 0.004725497 -0.505375862 -7.301389694 -0.008688478 0.999947190 -0.005484872 -0.008632725 0.505323231 0.009123769 0.862881899 5.142904282
0.892939866 0.001674323 -0.450172842 -7.316466331 -0.004143719 0.999981284 -0.004500049 -0.009452523 0.450156868 0.005883662 0.892930090 5.182025433
0.918478251 -0.001846624 -0.395467281 -7.329617977 0.000731211 0.999995291 -0.002971205 -0.010924236 0.395470917 0.002439817 0.918475270 5.223498821
0.940223277 -0.004759632 -0.340525389 -7.342455387 0.003929816 0.999987364 -0.003126544 -0.011121241 0.340535969 0.001601448 0.940230131 5.266556740
0.957515299 -0.007692857 -0.288279951 -7.353111267 0.006552339 0.999966443 -0.004921032 -0.011410724 0.288308114 0.002823056 0.957533538 5.312366486
0.970805347 -0.008695359 -0.239711046 -7.361482143 0.006779780 0.999938190 -0.008814676 -0.011252509 0.239772871 0.006932146 0.970804274 5.359661102
0.981315911 -0.008280164 -0.192225277 -7.370361328 0.006352734 0.999923229 -0.010641105 -0.011579606 0.192298621 0.009221129 0.981293142 5.409805298
0.988555193 -0.008930939 -0.150594935 -7.374600410 0.007540497 0.999923527 -0.009801521 -0.012676332 0.150670961 0.008553784 0.988546968 5.461368561
0.993554950 -0.008520396 -0.113030635 -7.379155636 0.007674649 0.999939203 -0.007915488 -0.014193794 0.113091208 0.006997002 0.993559957 5.516122818
0.996660948 -0.009867374 -0.081053093 -7.382126808 0.009359144 0.999934077 -0.006647876 -0.014586980 0.081113346 0.005867091 0.996687591 5.571959972
0.998458326 -0.012127547 -0.054165732 -7.384038448 0.011798791 0.999909997 -0.006385118 -0.014809211 0.054238293 0.005736184 0.998511553 5.629849434
0.999342680 -0.015014387 -0.032996610 -7.384276867 0.014833498 0.999873638 -0.005720015 -0.015888119 0.033078320 0.005226800 0.999439120 5.690210342
0.999715269 -0.016928190 -0.016816769 -7.383840084 0.016848423 0.999846160 -0.004873760 -0.016726281 0.016896686 0.004589037 0.999846697 5.751152992
0.999836743 -0.017589854 -0.004133263 -7.383516312 0.017572707 0.999836981 -0.004148791 -0.017972723 0.004205566 0.004075481 0.999982834 5.814470291
0.999838710 -0.017163876 0.005281834 -7.382349491 0.017187871 0.999841988 -0.004531628 -0.018941924 -0.005203220 0.004621681 0.999975801 5.879051685
0.999753952 -0.017488010 0.013646874 -7.381104946 0.017565481 0.999830186 -0.005577776 -0.019002115 -0.013547012 0.005816117 0.999891341 5.945575714
0.999628663 -0.018442128 0.020061268 -7.379599571 0.018587073 0.999802291 -0.007062786 -0.019228280 -0.019927049 0.007433044 0.999773800 6.013318539
