0.999989212 -0.001203413 -0.004490287 -0.000176393 0.001203072 0.999999285 -0.000078663 -0.000384549 0.004490378 0.000073260 0.999989927 0.042678442
0.999974191 0.000599992 -0.007155446 -0.002143817 -0.000611265 0.999998569 -0.001573284 -0.000384399 0.007154492 0.001577618 0.999973178 0.083840311
0.999904096 0.003264089 -0.013457536 -0.002316398 -0.003288100 0.999993026 -0.001762480 -0.001008419 0.013451689 0.001806561 0.999907911 0.129714981
0.999879241 0.003273811 -0.015191494 -0.004121997 -0.003267408 0.999994576 0.000446301 -0.001535164 0.015192872 -0.000396610 0.999884486 0.171136588
0.999835849 0.002331347 -0.017967004 -0.006069120 -0.002271379 0.999991775 0.003357372 -0.001923586 0.017974684 -0.003316012 0.999832928 0.214473963
0.999780595 0.001779636 -0.020871067 -0.007387405 -0.001642516 0.999976993 0.006585151 -0.002670416 0.020882307 -0.006549425 0.999760509 0.260447472
0.999606252 0.003572703 -0.027830711 -0.008105850 -0.003431248 0.999980986 0.005128816 -0.002383920 0.027848504 -0.005031303 0.999599516 0.312608242
0.999586642 0.002718557 -0.028619925 -0.010219879 -0.002555947 0.999980390 0.005716763 -0.002784443 0.028634904 -0.005641249 0.999574006 0.357694149
0.999629200 0.000727127 -0.027220640 -0.013483547 -0.000613373 0.999991059 0.004187075 -0.002486585 0.027223442 -0.004168826 0.999620676 0.403039664
0.999606013 0.000949644 -0.028052017 -0.015712075 -0.000822322 0.999989331 0.004549971 -0.002406315 0.028056039 -0.004525111 0.999596119 0.449766427
0.999373674 -0.001496856 -0.035356268 -0.014551186 0.001654284 0.999988854 0.004423782 -0.002357679 0.035349250 -0.004479500 0.999364972 0.504159212
0.999310672 0.000398050 -0.037122324 -0.017172020 -0.000310609 0.999997139 0.002361228 -0.002792203 0.037123159 -0.002348070 0.999307930 0.554010808
0.999316514 0.001274547 -0.036943503 -0.019558070 -0.001310878 0.999998689 -0.000959221 -0.002560007 0.036942232 0.001006994 0.999316871 0.601959646
0.999225676 0.005239694 -0.038994152 -0.021654105 -0.005355310 0.999981582 -0.002861102 -0.002925238 0.038978443 0.003067713 0.999235332 0.652574360
0.999139488 0.006156420 -0.041016661 -0.024453059 -0.006237115 0.999978840 -0.001839688 -0.003657917 0.041004468 0.002093930 0.999156773 0.703016281
0.999082386 0.004828725 -0.042556997 -0.026306896 -0.004842724 0.999988258 -0.000225880 -0.004245682 0.042555407 0.000431764 0.999094009 0.754188299
0.999035716 0.005820994 -0.043516863 -0.029565223 -0.005765595 0.999982417 0.001398457 -0.004908367 0.043524235 -0.001146208 0.999051690 0.804582119
0.999027312 0.005506871 -0.043750979 -0.032569125 -0.005432523 0.999983609 0.001818064 -0.005531872 0.043760274 -0.001578617 0.999040842 0.855649292
0.998923361 0.005477481 -0.046066284 -0.034595143 -0.005480052 0.999984980 0.000070485 -0.005337198 0.046065979 0.000182037 0.998938382 0.907063246
0.998857081 0.004207960 -0.047611494 -0.036581304 -0.004221713 0.999991059 -0.000188298 -0.006193312 0.047610279 0.000389085 0.998865902 0.958494723
0.998825073 0.004283542 -0.048271548 -0.039079025 -0.004231934 0.999990344 0.001171267 -0.006328978 0.048276100 -0.000965609 0.998833537 1.009970784
0.998819232 0.005172345 -0.048305262 -0.041861117 -0.004974206 0.999978721 0.004221128 -0.006454176 0.048326068 -0.003975864 0.998823702 1.062822700
0.998859107 0.005822266 -0.047398191 -0.044673506 -0.005441395 0.999951899 0.008160627 -0.006836615 0.047443423 -0.007893404 0.998842716 1.114138842
0.998906791 0.004805975 -0.046499196 -0.046720285 -0.004290759 0.999928355 0.011173581 -0.007219153 0.046549566 -0.010961849 0.998855829 1.167002082
0.999027789 0.004648809 -0.043839365 -0.049932387 -0.004136200 0.999922097 0.011776378 -0.006970351 0.043890696 -0.011583600 0.998969197 1.219193697
0.999029458 0.005042044 -0.043758132 -0.051205073 -0.004668582 0.999951839 0.008632698 -0.006759798 0.043799553 -0.008420032 0.999004841 1.272499561
0.999115527 0.006007838 -0.041617494 -0.054729100 -0.005842575 0.999974549 0.004091493 -0.006973844 0.041641016 -0.003844721 0.999125242 1.324343562
0.999153733 0.005251470 -0.040795673 -0.056419164 -0.005206894 0.999985754 0.001198844 -0.006929534 0.040801387 -0.000985411 0.999166787 1.377097607
0.999188781 0.003385055 -0.040128428 -0.058805086 -0.003295650 0.999991953 0.002293902 -0.007395843 0.040135872 -0.002159792 0.999191880 1.431441307
0.999166906 0.001421747 -0.040786039 -0.060905337 -0.001146271 0.999976397 0.006776769 -0.007389897 0.040794708 -0.006724372 0.999144912 1.486204028
0.999153137 -0.001638849 -0.041113202 -0.063213758 0.002068489 0.999943674 0.010409809 -0.007721175 0.041093826 -0.010486036 0.999100268 1.539894462
0.999053359 -0.009271895 -0.042501885 -0.064962491 0.009682611 0.999908328 0.009467814 -0.007765373 0.042410202 -0.009870381 0.999051511 1.594656587
0.998988748 -0.011164212 -0.043552730 -0.067245364 0.011427398 0.999917865 0.005798642 -0.007961496 0.043484416 -0.006290472 0.999034286 1.647371292
0.998937666 -0.010789859 -0.044800539 -0.070130788 0.010873834 0.999939561 0.001631129 -0.008011888 0.044780232 -0.002116550 0.998994648 1.701285839
0.998859227 -0.009214490 -0.046854399 -0.072747402 0.009266218 0.999956667 0.000886939 -0.008416876 0.046844196 -0.001320090 0.998901308 1.755986929
0.998822808 -0.009616075 -0.047545373 -0.076089069 0.009708864 0.999951363 0.001721019 -0.007979436 0.047526512 -0.002180604 0.998867571 1.811486483
0.998776495 -0.006366857 -0.049040128 -0.078484379 0.006640573 0.999963284 0.005420572 -0.009512394 0.049003813 -0.005739594 0.998782098 1.866660953
0.998757720 -0.005991349 -0.049468778 -0.082077160 0.006325629 0.999958217 0.006603606 -0.009846231 0.049427144 -0.006908323 0.998753846 1.921227217
0.998664737 -0.005006589 -0.051417150 -0.084616601 0.005489528 0.999942124 0.009255641 -0.010059878 0.051367834 -0.009525538 0.998634398 1.977961421
0.998659313 -0.005811221 -0.051437888 -0.087597713 0.006454426 0.999902964 0.012347222 -0.009866535 0.051361144 -0.012662671 0.998599887 2.034084797
0.998680651 0.000633828 -0.051347673 -0.091820307 0.000111559 0.999894679 0.014512304 -0.009958906 0.051351462 -0.014498886 0.998575389 2.088952541
0.998699367 0.000108355 -0.050985642 -0.095710091 0.000591206 0.999905884 0.013705476 -0.009620171 0.050982330 -0.013717793 0.998605311 2.143643379
0.998683512 0.000979307 -0.051286168 -0.097806513 -0.000336799 0.999921381 0.012535039 -0.010323037 0.051294409 -0.012501264 0.998605311 2.197861433
0.998684466 0.003039126 -0.051187381 -0.100815922 -0.002534205 0.999947548 0.009926184 -0.010008832 0.051214863 -0.009783407 0.998639762 2.252085686
0.998617172 0.002439005 -0.052514371 -0.103810467 -0.001902900 0.999945581 0.010256319 -0.010325735 0.052536529 -0.010142207 0.998567522 2.307485819
0.998561919 0.000795728 -0.053604513 -0.106646970 -0.000205360 0.999939263 0.011018015 -0.010175301 0.053610023 -0.010991163 0.998501480 2.361367702
0.998504460 0.000871442 -0.054662999 -0.109792292 -0.000198906 0.999924242 0.012307534 -0.010173982 0.054669585 -0.012278254 0.998429000 2.416274309
0.998468161 0.003590232 -0.055212304 -0.113055065 -0.003122957 0.999958575 0.008547185 -0.010417404 0.055240706 -0.008361666 0.998438060 2.470288038
0.998450577 0.004116990 -0.055492725 -0.116496630 -0.003877910 0.999982715 0.004415306 -0.010500938 0.055509944 -0.004193270 0.998449326 2.523117065
0.998395562 0.005001190 -0.056402408 -0.119666561 -0.004817902 0.999982655 0.003385163 -0.011114544 0.056418359 -0.003107990 0.998402357 2.576991320
0.998402417 0.003609376 -0.056387801 -0.122688189 -0.003223254 0.999970734 0.006937068 -0.011364547 0.056411188 -0.006744233 0.998384833 2.629707813
0.998422980 0.002132813 -0.056098569 -0.126331732 -0.001600017 0.999953210 0.009540712 -0.011532272 0.056116290 -0.009435907 0.998379648 2.683477163
0.998375297 -0.000572237 -0.056977436 -0.128443345 0.001183809 0.999942064 0.010700416 -0.011910082 0.056968011 -0.010750482 0.998318136 2.735409021
0.998356402 -0.003500701 -0.057203561 -0.131308511 0.004032832 0.999949634 0.009189627 -0.012031850 0.057168510 -0.009405215 0.998320222 2.787824869
0.998342097 -0.005854575 -0.057260752 -0.134541944 0.006315060 0.999949157 0.007864258 -0.012125502 0.057211798 -0.008212825 0.998328269 2.839321375
0.998268545 -0.007336447 -0.058361441 -0.137656242 0.007847768 0.999932766 0.008536917 -0.012101089 0.058294889 -0.008980143 0.998259008 2.891375542
0.998164237 -0.010718932 -0.059608854 -0.140124545 0.011528100 0.999845803 0.013247324 -0.012657247 0.059457663 -0.013910182 0.998133898 2.942295313
0.998095930 -0.011965323 -0.060508810 -0.143002018 0.013087928 0.999748886 0.018190574 -0.012594812 0.060275961 -0.018947873 0.998001873 2.993584394
0.998089254 -0.009784712 -0.061008859 -0.146296531 0.011054440 0.999728560 0.020509517 -0.012612730 0.060791619 -0.021144748 0.997926474 3.045468807
0.998004496 -0.008449058 -0.062575325 -0.149548933 0.009510563 0.999815583 0.016685244 -0.012782985 0.062422808 -0.017247073 0.997900784 3.096868038
0.997971773 -0.006453692 -0.063330308 -0.153495327 0.007038472 0.999934614 0.009015064 -0.012812382 0.063267983 -0.009442528 0.997951925 3.146060467
0.997929215 -0.005371711 -0.064096674 -0.157344729 0.005637139 0.999976277 0.003960926 -0.012612142 0.064073876 -0.004314045 0.997935832 3.195987225
0.997883797 -0.000624646 -0.065019377 -0.161132202 0.000954437 0.999986827 0.005041266 -0.013113052 0.065015376 -0.005092654 0.997871280 3.244376183
0.997816563 0.002058895 -0.066014498 -0.164771676 -0.001579713 0.999972045 0.007310114 -0.013589872 0.066027708 -0.007189869 0.997791886 3.292785168
0.997736812 0.005005461 -0.067053601 -0.168046683 -0.004408406 0.999949336 0.009049159 -0.014450083 0.067095503 -0.008733081 0.997708321 3.340039968
0.997676909 0.005496797 -0.067900747 -0.171512514 -0.004912675 0.999949515 0.008766575 -0.014602277 0.067945510 -0.008412635 0.997653544 3.386065722
0.997568071 0.007521386 -0.069291584 -0.175568521 -0.006865980 0.999929488 0.009691983 -0.014830863 0.069359593 -0.009192659 0.997549355 3.433028221
0.997477829 0.008019481 -0.070524529 -0.179134980 -0.007320235 0.999921501 0.010167792 -0.015177093 0.070600532 -0.009625890 0.997458220 3.479701281
0.997373402 0.007964838 -0.071991853 -0.182418540 -0.007194540 0.999914110 0.010952781 -0.015741710 0.072072916 -0.010406064 0.997345090 3.523028374
0.997276783 0.007520680 -0.073364943 -0.185548037 -0.006666076 0.999907136 0.011886579 -0.015841192 0.073447526 -0.011365153 0.997234344 3.567116499
0.997165084 0.010138556 -0.074558541 -0.189535692 -0.009068347 0.999851167 0.014678509 -0.015982842 0.074696265 -0.013960774 0.997108579 3.610495329
0.997056186 0.011674209 -0.075780161 -0.193190187 -0.010288487 0.999773145 0.018650789 -0.015998717 0.075980701 -0.017816221 0.996950090 3.654321194
0.996900439 0.014963627 -0.077237658 -0.197096199 -0.013414593 0.999699116 0.020535471 -0.016085746 0.077521704 -0.019435707 0.996801198 3.694979429
0.996754766 0.017400028 -0.078594759 -0.200579256 -0.016173469 0.999737680 0.016215865 -0.016067306 0.078856297 -0.014892091 0.996774733 3.736230850
0.996660948 0.017694958 -0.079711109 -0.204173490 -0.017001191 0.999811530 0.009373848 -0.016624548 0.079861961 -0.007987365 0.996773958 3.774107218
0.996566713 0.017221818 -0.080982506 -0.207610518 -0.016993485 0.999849439 0.003507966 -0.016869556 0.081030726 -0.002119747 0.996709347 3.812800646
0.996495187 0.017818216 -0.081730269 -0.210501030 -0.017700035 0.999840975 0.002170333 -0.016907230 0.081755944 -0.000716098 0.996652126 3.850426435
0.996394575 0.020452691 -0.082337752 -0.214408427 -0.020036217 0.999781966 0.005881303 -0.017570941 0.082440086 -0.004210361 0.996587157 3.887122393
0.996246040 0.020960700 -0.083991043 -0.217151642 -0.020361973 0.999760807 0.007978856 -0.018072294 0.084138200 -0.006238680 0.996434569 3.922216654
0.996283591 0.017746542 -0.084285878 -0.220583394 -0.017399652 0.999836862 0.004848470 -0.018706841 0.084358171 -0.003363906 0.996429801 3.956644058
0.996344626 0.009850672 -0.084855087 -0.222532257 -0.009919138 0.999950707 -0.000385285 -0.019071689 0.084847108 0.001225565 0.996393204 3.989867926
0.996517718 0.005786685 -0.083180569 -0.225884736 -0.006317937 0.999961257 -0.006124928 -0.018506218 0.083141901 0.006629128 0.996515691 4.023749828
0.996724427 0.008165551 -0.080459215 -0.228026912 -0.008605035 0.999949872 -0.005116966 -0.020252658 0.080413401 0.005792559 0.996744752 4.053677559
0.997009277 0.013048374 -0.076172397 -0.230931237 -0.013291002 0.999908090 -0.002679167 -0.020312853 0.076130435 0.003683561 0.997091055 4.084706306
0.997366488 0.011595093 -0.071593329 -0.232918411 -0.011585803 0.999932706 0.000545034 -0.020921981 0.071594827 0.000285868 0.997433782 4.114261150
0.997781336 0.007843787 -0.066112280 -0.234096453 -0.007539631 0.999959826 0.004848849 -0.021475691 0.066147655 -0.004339629 0.997800410 4.143425465
0.998319328 0.003155768 -0.057866968 -0.235324398 -0.002685500 0.999962747 0.008202679 -0.021964511 0.057890698 -0.008033491 0.998290598 4.172306061
0.998866737 0.007032539 -0.047071692 -0.236501142 -0.006667838 0.999946535 0.007900341 -0.022128614 0.047124732 -0.007577522 0.998860300 4.200144291
0.999415219 0.012068323 -0.031994265 -0.237747401 -0.011834791 0.999902010 0.007478559 -0.022453878 0.032081380 -0.007095540 0.999460101 4.227169991
0.999765813 0.017264081 -0.013049437 -0.238821596 -0.017163837 0.999822617 0.007755198 -0.022452271 0.013181008 -0.007529404 0.999884784 4.253859997
0.999845028 0.015620364 0.008118039 -0.236891508 -0.015689913 0.999840140 0.008575316 -0.022877159 -0.007982791 -0.008701358 0.999930263 4.279415131
0.999311209 0.012086565 0.035085618 -0.235546231 -0.012412633 0.999881625 0.009090587 -0.022800133 -0.034971595 -0.009519830 0.999342978 4.304632187
0.997900069 0.011114126 0.063811734 -0.232213050 -0.011848594 0.999867737 0.011143058 -0.023419445 -0.063679442 -0.011875737 0.997899771 4.329020023
0.995196521 0.010736093 0.097307034 -0.228955716 -0.012021332 0.999847949 0.012631427 -0.023789834 -0.097156622 -0.013740513 0.995174229 4.353666782
0.990867794 0.010173518 0.134452522 -0.224539176 -0.012043503 0.999841630 0.013102115 -0.024031268 -0.134297922 -0.014601744 0.990833402 4.376538754
0.984296262 0.010463730 0.176214054 -0.219256461 -0.012870888 0.999838769 0.012522980 -0.023839217 -0.176054597 -0.014594353 0.984272242 4.399929047
0.975217760 0.010333424 0.221005723 -0.213103399 -0.013439300 0.999830902 0.012554274 -0.024144180 -0.220838621 -0.015213314 0.975191712 4.421257019
0.962910831 0.012316007 0.269538552 -0.205622330 -0.015756771 0.999819636 0.010605463 -0.024697512 -0.269359291 -0.014459171 0.962931216 4.442611217
0.946553290 0.013297681 0.322273195 -0.196747631 -0.016753685 0.999828041 0.007952454 -0.025271893 -0.322112024 -0.012926685 0.946613312 4.463137627
0.925776601 0.013710652 0.377822310 -0.186806828 -0.016956212 0.999842346 0.005264840 -0.025269706 -0.377690554 -0.011280500 0.925863147 4.483255863
0.900603056 0.014950841 0.434385419 -0.175694972 -0.017871359 0.999836802 0.002639592 -0.025129545 -0.434275061 -0.010140282 0.900723219 4.501873970
0.870532870 0.015189011 0.491875887 -0.163465738 -0.017614895 0.999844790 0.000300262 -0.025410943 -0.491794974 -0.008925729 0.870665312 4.519753933
0.836389363 0.013680017 0.547965050 -0.149898797 -0.014874228 0.999886811 -0.002258944 -0.025659338 -0.547933936 -0.006261200 0.836498201 4.536006927
0.798958778 0.012786924 0.601249874 -0.135409713 -0.013756434 0.999900937 -0.002985169 -0.026645966 -0.601228476 -0.005886027 0.799055517 4.551150322
0.758126318 0.011653696 0.652003646 -0.120085180 -0.013198661 0.999909699 -0.002525127 -0.026898634 -0.651974201 -0.006691209 0.758211672 4.565784931
0.713944852 0.011809046 0.700102329 -0.104138196 -0.015413331 0.999880552 -0.001147500 -0.027086871 -0.700032234 -0.009971657 0.714041591 4.579958916
0.669239283 0.010484092 0.742973089 -0.086981416 -0.014185049 0.999898493 -0.001332264 -0.027350802 -0.742911637 -0.009647504 0.669320047 4.591201305
0.622046590 0.008414612 0.782935083 -0.068981051 -0.010867125 0.999938726 -0.002112867 -0.028168742 -0.782904923 -0.007193951 0.622099876 4.602269173
0.574642658 0.006617545 0.818377674 -0.051025987 -0.005919904 0.999974787 -0.003929174 -0.028422970 -0.818383038 -0.002586846 0.574667335 4.611904144
0.528236985 0.008789571 0.849051535 -0.032045841 -0.007913030 0.999953985 -0.005428659 -0.028899461 -0.849060118 -0.003850951 0.528282225 4.620690346
0.479616463 0.011681381 0.877400458 -0.013694763 -0.012203336 0.999903500 -0.006641588 -0.029414941 -0.877393365 -0.007521798 0.479712725 4.629689693
0.433962822 0.013907062 0.900823474 0.005907536 -0.012601336 0.999876738 -0.009365695 -0.029660501 -0.900842667 -0.007287215 0.434084535 4.637003899
0.390666962 0.011515876 0.920460045 0.025203705 -0.005945815 0.999932468 -0.009986598 -0.030197123 -0.920512915 -0.001571451 0.390709043 4.643302917
0.350734055 0.003124191 0.936470032 0.045339584 0.009572696 0.999930203 -0.006921145 -0.030879593 -0.936426282 0.011392022 0.350679696 4.647776604
0.315610111 0.000737036 0.948888719 0.066062689 0.013104466 0.999900937 -0.005135340 -0.030681359 -0.948798478 0.014055444 0.315569222 4.652753830
0.281819284 0.004535682 0.959456861 0.086628199 0.010392232 0.999915719 -0.007779435 -0.031181747 -0.959411263 0.012163293 0.281748414 4.657850742
0.250967026 0.012326816 0.967917144 0.108088493 -0.000089267 0.999919176 -0.012711230 -0.031829782 -0.967995644 0.003103696 0.250947833 4.663352013
0.222357750 0.016510533 0.974825382 0.129686832 -0.004593406 0.999863267 -0.015886843 -0.032707639 -0.974954367 -0.000945205 0.222403169 4.667901039
0.196662307 0.018287309 0.980300725 0.151999950 -0.003725080 0.999832749 -0.017904371 -0.033526137 -0.980464220 -0.000130585 0.196697533 4.671250820
0.173441172 0.019540206 0.984650493 0.174826860 0.004171825 0.999779582 -0.020575289 -0.034189567 -0.984835505 0.007676393 0.173321426 4.673636913
0.153260827 0.026159627 0.987839580 0.198366404 0.010718586 0.999546707 -0.028132619 -0.034262035 -0.988127768 0.014899872 0.152910948 4.675961494
0.133797586 0.032803226 0.990465641 0.222364426 0.013526051 0.999298453 -0.034922935 -0.034263298 -0.990916371 0.018069692 0.133260012 4.678106308
0.116658986 0.034011662 0.992589533 0.247557640 0.010753725 0.999311626 -0.035505883 -0.034931891 -0.993113816 0.014816116 0.116212964 4.680522919
0.100198925 0.029245971 0.994537532 0.274014711 0.008412522 0.999507248 -0.030239671 -0.036440469 -0.994931877 0.011396552 0.099903524 4.683566570
0.085842788 0.026120488 0.995966256 0.300912380 0.009075381 0.999594271 -0.026997849 -0.037517399 -0.996267378 0.011356344 0.085570931 4.685317039
0.072598696 0.023618938 0.997081518 0.329347849 0.011883123 0.999628127 -0.024544485 -0.038500361 -0.997290432 0.013630339 0.072291017 4.686826229
0.062433898 0.022573838 0.997793794 0.357148647 0.014525572 0.999617755 -0.023523998 -0.039531149 -0.997943401 0.015962221 0.062082171 4.686861038
0.050841153 0.023495127 0.998430252 0.388416767 0.018446900 0.999530613 -0.024460351 -0.040308461 -0.998536289 0.019661536 0.050383866 4.688870430
0.042363942 0.023755034 0.998819828 0.418883801 0.019877398 0.999499381 -0.024614280 -0.041623764 -0.998904526 0.020896699 0.041870594 4.690585613
0.037608683 0.024257941 0.998998165 0.451421738 0.022402933 0.999433577 -0.025111910 -0.042109236 -0.999041498 0.023324914 0.037043929 4.690615654
0.031640470 0.025811901 0.999165952 0.483600616 0.022883153 0.999385774 -0.026542218 -0.042941526 -0.999237299 0.023703875 0.031030357 4.691889286
0.025954425 0.026150014 0.999321043 0.516766548 0.023747616 0.999359548 -0.026767800 -0.044193141 -0.999381006 0.024426237 0.025316834 4.692173958
0.022067904 0.026084499 0.999416173 0.551361084 0.026283624 0.999298930 -0.026661804 -0.045387805 -0.999410927 0.026856648 0.021366835 4.692302227
0.018576860 0.026176434 0.999484897 0.587955952 0.027188022 0.999274313 -0.026676256 -0.046394140 -0.999457896 0.027669579 0.017851710 4.693354607
0.015374243 0.025602683 0.999554038 0.624182224 0.028402150 0.999257565 -0.026031950 -0.047617041 -0.999478459 0.028789707 0.014635623 4.693819046
0.012902379 0.025207447 0.999599159 0.662737846 0.030173844 0.999217093 -0.025587291 -0.048697300 -0.999461532 0.030491885 0.012131631 4.694214344
0.012698114 0.024588807 0.999617159 0.701974869 0.034978203 0.999074817 -0.025019802 -0.050008550 -0.999307573 0.035282515 0.011826277 4.693728447
0.013321280 0.024759203 0.999604702 0.741517782 0.037883759 0.998963118 -0.025248175 -0.050885737 -0.999193370 0.038205124 0.012369514 4.694607735
0.016114473 0.025258897 0.999551117 0.783719063 0.039689023 0.998876810 -0.025881713 -0.051758856 -0.999082208 0.040088274 0.015093863 4.694438457
0.019953966 0.024418138 0.999502659 0.824684143 0.042008042 0.998798430 -0.025239579 -0.053792961 -0.998917997 0.042490780 0.018904269 4.695381641
0.024315476 0.023940099 0.999417663 0.867273569 0.042616468 0.998779655 -0.024961660 -0.054856889 -0.998795569 0.043198604 0.023265541 4.696287155
0.028269231 0.022398289 0.999349415 0.912429571 0.043697413 0.998765528 -0.023621300 -0.056226969 -0.998644829 0.044336740 0.027255535 4.697695732
0.032334507 0.020562569 0.999265552 0.955389738 0.044034604 0.998788238 -0.021977633 -0.057578474 -0.998506606 0.044712901 0.031389892 4.699200630
0.036358118 0.018695772 0.999163926 1.001314878 0.041219275 0.998946071 -0.020191606 -0.058769844 -0.998488426 0.041918945 0.035549164 4.701323509
0.040764272 0.017520921 0.999015152 1.047087431 0.040176153 0.999008894 -0.019160178 -0.060000345 -0.998360753 0.040917639 0.040019929 4.703105450
0.044281065 0.018472385 0.998848498 1.093064547 0.037088878 0.999109387 -0.020121448 -0.061397240 -0.998330593 0.037937164 0.043556511 4.706126690
0.047535360 0.022488613 0.998616576 1.140749454 0.034821413 0.999101520 -0.024157086 -0.063104957 -0.998262584 0.035921551 0.046709538 4.708914280
0.049015522 0.027671795 0.998414636 1.186444759 0.029475559 0.999140680 -0.029138975 -0.064431667 -0.998363018 0.030857092 0.048157752 4.711405754
0.048633039 0.030664647 0.998345971 1.233541727 0.026758758 0.999129832 -0.031992245 -0.066308938 -0.998458266 0.028270379 0.047770143 4.714246750
0.048666358 0.030463288 0.998350561 1.280841112 0.024114968 0.999207556 -0.031664971 -0.067890294 -0.998524070 0.025616212 0.047893167 4.717116356
0.048111022 0.029346602 0.998410881 1.327952623 0.021170279 0.999313772 -0.030393293 -0.069306791 -0.998617709 0.022598892 0.047456741 4.720357895
0.048387766 0.027362937 0.998453915 1.375305653 0.022202319 0.999348223 -0.028463440 -0.072065070 -0.998582006 0.023545276 0.047748744 4.722476006
0.049099445 0.026512459 0.998442113 1.422675371 0.019953668 0.999422073 -0.027519731 -0.074043110 -0.998594701 0.021273788 0.048542023 4.724699020
0.048951745 0.026830535 0.998440742 1.469841719 0.018164124 0.999449909 -0.027748208 -0.076025210 -0.998636007 0.019494126 0.048437417 4.727736473
0.048909664 0.027001806 0.998438239 1.516992807 0.014691453 0.999506891 -0.027750390 -0.078396089 -0.998695254 0.016025772 0.048488855 4.730384350
0.047748327 0.028631102 0.998448968 1.563544989 0.011926487 0.999501526 -0.029231638 -0.079915851 -0.998788178 0.013303751 0.047383070 4.732947350
0.044700086 0.028001238 0.998607993 1.610386133 0.008541600 0.999559879 -0.028410271 -0.081998616 -0.998964012 0.009799653 0.044441223 4.735560894
0.041104198 0.027010366 0.998789728 1.657534361 0.006306786 0.999607623 -0.027292034 -0.083855376 -0.999135017 0.007420971 0.040917695 4.737578392
0.036318064 0.024546837 0.999038756 1.704240799 0.004377555 0.999684811 -0.024721848 -0.085562013 -0.999330699 0.005271197 0.036199152 4.739754200
0.029974699 0.022573242 0.999295712 1.751950979 0.002296503 0.999740779 -0.022652181 -0.087294206 -0.999548018 0.002973879 0.029915094 4.741215706
0.022750378 0.023036448 0.999475837 1.798218727 0.001699703 0.999732137 -0.023081047 -0.089013927 -0.999739826 0.002223916 0.022705138 4.742271900
0.013848126 0.023670457 0.999623895 1.845222235 0.001597397 0.999717951 -0.023694815 -0.090956062 -0.999902844 0.001924924 0.013806403 4.743232250
0.003811121 0.023891982 0.999707282 1.890718460 0.001243596 0.999713659 -0.023896877 -0.092731304 -0.999991953 0.001334305 0.003780365 4.743313789
-0.006327629 0.023304388 0.999708414 1.937623024 0.002991183 0.999724388 -0.023285829 -0.094191976 -0.999975562 0.002842969 -0.006395578 4.743054867
-0.017190456 0.022310825 0.999603450 1.982756376 0.001708363 0.999750197 -0.022284726 -0.096091658 -0.999850929 0.001324604 -0.017224312 4.742400169
-0.028599024 0.021557014 0.999358654 2.030147791 0.002896608 0.999765038 -0.021482892 -0.097379044 -0.999586940 0.002280365 -0.028654695 4.741197586
-0.039089799 0.021708135 0.998999953 2.074835777 0.002507527 0.999762952 -0.021626601 -0.099043101 -0.999232590 0.001659641 -0.039134979 4.738905907
-0.050850272 0.022559403 0.998451650 2.121444225 0.002705095 0.999744296 -0.022450846 -0.100752190 -0.998702824 0.001559279 -0.050898314 4.737376690
-0.061263680 0.023594759 0.997842848 2.166167498 0.003259023 0.999719977 -0.023439057 -0.102528811 -0.998116434 0.001816030 -0.061323404 4.734911919
-0.072025776 0.024288105 0.997106969 2.211182594 0.003296876 0.999703825 -0.024113210 -0.104634620 -0.997397304 0.001550565 -0.072084546 4.732033253
-0.081579804 0.025662864 0.996336460 2.255751610 0.004811636 0.999666929 -0.025354674 -0.105934151 -0.996655285 0.002725581 -0.081676126 4.728472233
-0.091024637 0.025666295 0.995517850 2.299638510 0.005384810 0.999665856 -0.025280882 -0.107932597 -0.995834112 0.003059491 -0.091132522 4.724363327
-0.100117683 0.026363026 0.994626403 2.343641996 0.004629787 0.999650419 -0.026030168 -0.109508462 -0.994964957 0.001998830 -0.100204706 4.719766617
-0.109002233 0.025350729 0.993718266 2.386052608 0.006470946 0.999671698 -0.024792803 -0.111620963 -0.994020522 0.003727828 -0.109130502 4.715208054
-0.115890622 0.024443859 0.992961228 2.429126263 0.008434209 0.999685287 -0.023625014 -0.113179103 -0.993226230 0.005636926 -0.116060376 4.709547520
-0.121443629 0.022952208 0.992332995 2.470345020 0.011221921 0.999700487 -0.021749256 -0.114566281 -0.992534935 0.008494576 -0.121664762 4.704539299
-0.125003576 0.021285078 0.991927981 2.512168407 0.014257209 0.999705136 -0.019655259 -0.116234303 -0.992053926 0.011685149 -0.125270247 4.699000359
-0.127881408 0.020361234 0.991580486 2.552407742 0.016353816 0.999696612 -0.018418787 -0.117468677 -0.991654634 0.013860704 -0.128175497 4.694102287
-0.129880786 0.019201962 0.991343677 2.592584372 0.016225735 0.999719739 -0.017238390 -0.119185358 -0.991396904 0.013846342 -0.130156040 4.688834190
-0.130236864 0.020130845 0.991278529 2.630482197 0.017416285 0.999686062 -0.018013384 -0.119911313 -0.991329968 0.014918383 -0.130546570 4.683816910
-0.129118443 0.021337872 0.991399527 2.668673515 0.018742604 0.999642372 -0.019074271 -0.121250823 -0.991451979 0.016118567 -0.129472256 4.678864479
-0.126423001 0.022869097 0.991712809 2.704250097 0.019453039 0.999599099 -0.020571094 -0.122534506 -0.991785705 0.016691169 -0.126817226 4.674503326
-0.121285439 0.023625569 0.992336631 2.740299940 0.019638343 0.999578118 -0.021397742 -0.123798527 -0.992423534 0.016892614 -0.121698260 4.670290947
-0.113113403 0.024136290 0.993288934 2.773454189 0.018783201 0.999578178 -0.022150131 -0.125155717 -0.993404567 0.016151670 -0.113519073 4.666660309
-0.102100492 0.023955589 0.994485676 2.807600498 0.018029274 0.999590337 -0.022227550 -0.126537353 -0.994610786 0.015660413 -0.102490544 4.663745880
-0.088393688 0.024659300 0.995780289 2.838623047 0.017391687 0.999579310 -0.023209549 -0.127612635 -0.995933771 0.015266722 -0.088785291 4.661443710
-0.071933508 0.025813187 0.997075438 2.869600534 0.016260175 0.999562562 -0.024704495 -0.129153877 -0.997276962 0.014435541 -0.072321773 4.660614014
-0.050046802 0.028334163 0.998344958 2.900400877 0.014588129 0.999511600 -0.027635977 -0.130439773 -0.998640418 0.013180893 -0.050435781 4.659400463
-0.025969625 0.030961869 0.999183178 2.930450916 0.012268656 0.999454856 -0.030651417 -0.131976709 -0.999587476 0.011462629 -0.026335239 4.660175323
0.002722979 0.033115037 0.999447882 2.959982872 0.010683996 0.999393523 -0.033142347 -0.133174956 -0.999939263 0.010768344 0.002367556 4.660861015
0.035617352 0.032613091 0.998833358 2.990649700 0.008469515 0.999421656 -0.032934319 -0.134254530 -0.999329746 0.009632670 0.035320520 4.663292885
0.073768616 0.029299274 0.996845007 3.018399239 0.006649834 0.999531686 -0.029870344 -0.136447668 -0.997253299 0.008832349 0.073539197 4.666490555
0.116632164 0.026378334 0.992824852 3.045755386 0.005115080 0.999617994 -0.027159719 -0.137052462 -0.993162036 0.008246076 0.116452694 4.670363426
0.161691546 0.021453528 0.986608267 3.075223207 0.002018661 0.999754369 -0.022070220 -0.138527632 -0.986839414 0.005560198 0.161608517 4.676747799
0.210788846 0.017973624 0.977366507 3.101496220 -0.002588953 0.999837697 -0.017828509 -0.139915645 -0.977528334 0.001227697 0.210801184 4.683830261
0.263360739 0.017349698 0.964541435 3.129014015 -0.005404311 0.999849081 -0.016509190 -0.139980853 -0.964682341 -0.000864808 0.263414741 4.692540646
0.317313790 0.016179916 0.948182642 3.154447556 -0.007164795 0.999866784 -0.014664130 -0.141520411 -0.948293626 -0.002140403 0.317387462 4.703502655
0.376737237 0.017107721 0.926162243 3.179689646 -0.004433494 0.999851286 -0.016665457 -0.142256960 -0.926309586 0.002172365 0.376757085 4.714644432
0.435767114 0.020048469 0.899836123 3.202502489 -0.003689607 0.999783278 -0.020488525 -0.143127739 -0.900051892 0.005608183 0.435746610 4.728302002
0.496235251 0.023650402 0.867865860 3.225474358 -0.002260676 0.999660730 -0.025949344 -0.143867821 -0.868185163 0.010915015 0.496120334 4.743179321
0.554438233 0.027805222 0.831760228 3.245294571 -0.006283217 0.999553084 -0.029226139 -0.144677877 -0.832201123 0.010977960 0.554365158 4.759473801
0.609969258 0.031017641 0.791817784 3.264794111 -0.010377383 0.999460638 -0.031157454 -0.145470560 -0.792357087 0.010788094 0.609962165 4.778760910
0.663456678 0.031959459 0.747531831 3.282162905 -0.011562335 0.999405980 -0.032465998 -0.146296412 -0.748125315 0.012896572 0.663432121 4.796912193
0.711139798 0.032127772 0.702316165 3.297696114 -0.013864093 0.999401927 -0.031679820 -0.146729782 -0.702913940 0.012791806 0.711159945 4.818866730
0.758939147 0.025828941 0.650649130 3.314507484 -0.012786190 0.999611437 -0.024767520 -0.148246020 -0.651036024 0.010477717 0.758974552 4.838700294
0.801113605 0.020302130 0.598167896 3.329365253 -0.012601831 0.999775112 -0.017055523 -0.149309576 -0.598379672 0.006125403 0.801189303 4.862277031
0.838796258 0.017457610 0.544165492 3.342097759 -0.014256540 0.999847353 -0.010100996 -0.149475053 -0.544258714 0.000714761 0.838917136 4.885713577
0.870457292 0.014240841 0.492037892 3.353472471 -0.014777225 0.999886870 -0.002797118 -0.149910331 -0.492022067 -0.004836183 0.870569289 4.911741734
0.897162378 0.014053340 0.441477239 3.363021612 -0.017226294 0.999846578 0.003179325 -0.150476813 -0.441364825 -0.010457387 0.897266805 4.935506821
0.917809606 0.015838027 0.396704733 3.371942043 -0.020286664 0.999769568 0.007020132 -0.150912642 -0.396502137 -0.014490960 0.917919397 4.962970257
0.934246242 0.022278922 0.355932087 3.381488800 -0.027371883 0.999582231 0.009278352 -0.150744557 -0.355576694 -0.018410796 0.934465766 4.992866993
0.946474671 0.025753340 0.321749121 3.386469126 -0.030216295 0.999503911 0.008883920 -0.150918603 -0.321360737 -0.018130472 0.946783245 5.014801025
0.956115961 0.026836773 0.291756779 3.393542290 -0.031088209 0.999467194 0.009944789 -0.151268959 -0.291334420 -0.018578567 0.956440866 5.043941021
0.962775052 0.021310117 0.269462496 3.402175426 -0.024843834 0.999644160 0.009710033 -0.150842726 -0.269159704 -0.016043060 0.962961912 5.074122429
0.966776729 0.017990524 0.254988521 3.409041643 -0.021559356 0.999704719 0.011207844 -0.151752293 -0.254711598 -0.016332870 0.966879129 5.104508400
0.970402956 0.021447433 0.240537181 3.417816877 -0.024685465 0.999640584 0.010456273 -0.151114821 -0.240226477 -0.016084570 0.970583618 5.136944771
0.972442567 0.028391814 0.231407464 3.420763493 -0.031613067 0.999447882 0.010223316 -0.150573447 -0.230989441 -0.017257087 0.972803235 5.158763409
0.973751962 0.035899997 0.224762842 3.427975893 -0.038862251 0.999206126 0.008767899 -0.150103509 -0.224269629 -0.017272549 0.974374056 5.191317081
0.973943055 0.040699661 0.223110914 3.433491707 -0.042886678 0.999067605 0.004963760 -0.149698913 -0.222700879 -0.014402905 0.974780440 5.226406574
0.974106252 0.043004088 0.221963093 3.440057993 -0.044736914 0.998994946 0.002782638 -0.150493890 -0.221620336 -0.012640528 0.975051105 5.253674030
0.973364711 0.041466583 0.225480989 3.447072744 -0.042199004 0.999108016 -0.001572505 -0.150228158 -0.225345060 -0.007984452 0.974246323 5.289200783
0.972405612 0.039992824 0.229843274 3.455254078 -0.039236594 0.999199033 -0.007861464 -0.150556982 -0.229973570 -0.001373734 0.973195910 5.324684620
0.971755207 0.041170172 0.232372314 3.463806868 -0.039436169 0.999148786 -0.012104824 -0.151179343 -0.232672870 0.002599052 0.972551584 5.352931976
0.970563769 0.045871757 0.236435503 3.472824574 -0.044156369 0.998945832 -0.012548143 -0.150950879 -0.236761853 0.001738640 0.971566141 5.389334679
0.968909085 0.049335439 0.242448404 3.480193138 -0.048951037 0.998772144 -0.007612990 -0.152256429 -0.242526308 -0.004491805 0.970134437 5.423152924
0.967947245 0.045945033 0.246915415 3.490567446 -0.046469890 0.998912811 -0.003704429 -0.152438879 -0.246817172 -0.007888439 0.969029963 5.461619854
0.967045784 0.042001050 0.251114160 3.499447107 -0.044064295 0.999025345 0.002596742 -0.153142899 -0.250760347 -0.013576338 0.967953980 5.495873451
0.966189981 0.039262805 0.254824251 3.510163784 -0.042443160 0.999074399 0.006991835 -0.153325126 -0.254313856 -0.017570987 0.966962099 5.535552502
0.965540886 0.034740336 0.257922232 3.519441366 -0.038042177 0.999245524 0.007820770 -0.153638706 -0.257455945 -0.017363196 0.966134012 5.571215153
0.965520620 0.031490732 0.258414835 3.530668020 -0.033820763 0.999417424 0.004575043 -0.153808191 -0.258120209 -0.013157085 0.966023207 5.612081528
0.965727270 0.030897329 0.257713318 3.540337563 -0.031394664 0.999504685 -0.002185922 -0.154238731 -0.257653207 -0.005979817 0.966218948 5.647701740
0.965905845 0.033503737 0.256716549 3.550552607 -0.032338642 0.999438584 -0.008760038 -0.154560149 -0.256865919 0.000159507 0.966447055 5.686620712
0.966461718 0.036454313 0.254210234 3.560701370 -0.034400053 0.999329686 -0.012523267 -0.154779553 -0.254496366 0.003358412 0.967067897 5.727106094
0.967118144 0.035157233 0.251885861 3.571216583 -0.034157332 0.999381661 -0.008342342 -0.155045956 -0.252023399 -0.000535719 0.967720985 5.768299103
0.967602015 0.030586252 0.250620782 3.582096100 -0.031441931 0.999505401 -0.000589931 -0.155691087 -0.250514865 -0.007309183 0.968085170 5.810421467
0.968206346 0.030872570 0.248240575 3.593523026 -0.033327911 0.999428272 0.005693573 -0.156599984 -0.247922868 -0.013785893 0.968681693 5.856214523
0.968535125 0.034413218 0.246486276 3.603328228 -0.036674604 0.999316752 0.004588236 -0.156679213 -0.246159956 -0.013483654 0.969135404 5.896737099
0.968794703 0.040297315 0.244566739 3.614169836 -0.041475169 0.999139488 -0.000334120 -0.156485721 -0.244369760 -0.009819753 0.969632387 5.943697453
0.969803035 0.040980723 0.240421921 3.624014378 -0.040817924 0.999150574 -0.005659076 -0.156757772 -0.240449607 -0.004325333 0.970651984 5.984180450
0.970867991 0.039871328 0.236274511 3.635434151 -0.038921125 0.999204516 -0.008686244 -0.157251149 -0.236432895 -0.000762873 0.971647501 6.031476974
0.971864343 0.037364054 0.232558995 3.645423174 -0.036759619 0.999300063 -0.006933902 -0.157674670 -0.232655302 -0.001809968 0.972557604 6.074061871
0.972837925 0.033557884 0.229042023 3.657357454 -0.033339195 0.999432445 -0.004825335 -0.158508763 -0.229073957 -0.002941806 0.973404586 6.124006748
0.973200440 0.032381825 0.227667168 3.667015553 -0.032787427 0.999460340 -0.002001217 -0.159069300 -0.227609113 -0.005517036 0.973736942 6.167417526
0.973529279 0.029339915 0.226671368 3.678814650 -0.030252915 0.999542117 0.000554183 -0.159659013 -0.226551309 -0.007396983 0.973971128 6.218274593
0.973816812 0.024172770 0.226045325 3.689239264 -0.025208086 0.999680817 0.001694370 -0.159971759 -0.225932211 -0.007348176 0.974115312 6.261684418
0.973887265 0.024200769 0.225738630 3.700305462 -0.025531206 0.999669611 0.002975758 -0.159897819 -0.225592032 -0.008661433 0.974183381 6.313003063
0.973739624 0.030063352 0.225670770 3.710973501 -0.031155530 0.999513745 0.001279039 -0.160616189 -0.225522593 -0.008276344 0.974202812 6.357432365
0.973249078 0.035957132 0.226921529 3.721623659 -0.036399059 0.999334812 -0.002238068 -0.160877958 -0.226851061 -0.006081531 0.973910451 6.410326958
0.972820878 0.045110598 0.227122411 3.731837511 -0.045443486 0.998959839 -0.003765826 -0.161310121 -0.227056041 -0.006657761 0.973858953 6.454627037
0.971945763 0.050848290 0.229642913 3.743923187 -0.051527921 0.998666942 -0.003040200 -0.161989227 -0.229491368 -0.008878112 0.973270178 6.507318974
0.970970869 0.053395256 0.233162090 3.753552437 -0.054612931 0.998506844 -0.001235035 -0.162452757 -0.232879892 -0.011534483 0.972437084 6.553686142
0.970314026 0.053789567 0.235790849 3.766345263 -0.054846656 0.998492599 -0.002078134 -0.163224414 -0.235547200 -0.010915896 0.971801579 6.607057095
0.969955444 0.052380867 0.237576634 3.777228117 -0.052705646 0.998597622 -0.004989041 -0.163620636 -0.237504795 -0.007682483 0.971355975 6.652321339
0.969933748 0.046221085 0.238939673 3.790693521 -0.046692342 0.998902500 -0.003690815 -0.164405301 -0.238848031 -0.007576806 0.971027374 6.705667019
0.970261931 0.039378289 0.238832995 3.802418947 -0.039287135 0.999214709 -0.005143990 -0.165230408 -0.238848001 -0.004392046 0.971047044 6.750394821
0.969903469 0.038582381 0.240413487 3.815133810 -0.038517922 0.999245584 -0.004968968 -0.166383356 -0.240423828 -0.004440807 0.970657885 6.803617954
0.969523132 0.040916517 0.241558909 3.826741457 -0.041592479 0.999131978 -0.002302250 -0.166798547 -0.241443440 -0.007814948 0.970383406 6.848938465
0.969177842 0.042973138 0.242585197 3.840043068 -0.045080900 0.998978376 0.003141881 -0.167130098 -0.242202356 -0.013980999 0.970125020 6.902316570
0.968669415 0.046787504 0.243906781 3.852358580 -0.050213523 0.998707712 0.007844248 -0.168327928 -0.243224576 -0.019845901 0.969766974 6.955102921
0.968402922 0.046160005 0.245081753 3.862333298 -0.047897995 0.998851597 0.001132536 -0.168668121 -0.244748026 -0.012835677 0.969501734 6.996235847
0.968763471 0.042090930 0.244388297 3.876098871 -0.040055647 0.999109030 -0.013294325 -0.169591784 -0.244730115 0.003089927 0.969586313 7.047944546
0.969063044 0.039998733 0.243550733 3.892618179 -0.035682753 0.999118567 -0.022108920 -0.170760125 -0.244220391 0.012734379 0.969636142 7.111371994
0.969302833 0.037000135 0.243069872 3.899607420 -0.034778118 0.999304831 -0.013427764 -0.170971960 -0.243397728 0.004562058 0.969915867 7.140736580
0.969859004 0.029500628 0.241874307 3.913372755 -0.032304063 0.999448955 0.007632132 -0.172115862 -0.241515875 -0.015215615 0.970277548 7.193989754
0.970112681 0.026078770 0.241249442 3.926047325 -0.032514930 0.999212623 0.022735434 -0.173179388 -0.240466580 -0.029900141 0.970196784 7.246919155
0.970099986 0.030958535 0.240723044 3.935357332 -0.036129579 0.999200881 0.017096445 -0.173428878 -0.240001380 -0.025282484 0.970443249 7.287332535
0.970214188 0.039729550 0.238968730 3.947059631 -0.041178212 0.999151230 0.001070662 -0.173311114 -0.238723367 -0.010879074 0.971026659 7.338114738
0.970592916 0.039751366 0.237422019 3.961779594 -0.039164439 0.999206901 -0.007190215 -0.173373967 -0.237519547 -0.002319728 0.971379995 7.399979591
0.971204519 0.036193721 0.235482112 3.969296694 -0.035451412 0.999344110 -0.007386601 -0.174523368 -0.235595018 -0.001174273 0.971850634 7.429984093
