0.999986157 -0.003671650 -0.003375377 0.000020108 0.003669278 0.999989599 -0.000971473 -0.000828451 0.003375774 0.000958356 0.999991819 0.038930981
0.999968782 -0.002280914 -0.007375309 -0.000583216 0.002263515 0.999991030 -0.002500058 -0.001004028 0.007377758 0.002482499 0.999967590 0.079493611
0.999948531 -0.002209452 -0.009627406 -0.002217783 0.002172344 0.999985054 -0.004200482 -0.001035073 0.009632878 0.004176695 0.999941468 0.122139281
0.999869153 -0.000747314 -0.016056230 -0.002550210 0.000673151 0.999985680 -0.004727271 -0.001321234 0.016056704 0.004714431 0.999857873 0.163633663
0.999799908 -0.002000198 -0.019784588 -0.004001977 0.001913758 0.999983847 -0.004496382 -0.002152860 0.019789141 0.004455720 0.999791383 0.205121320
0.999694690 -0.000331856 -0.024612319 -0.005142076 0.000193625 0.999979496 -0.005713671 -0.002671688 0.024609701 0.005705193 0.999677867 0.247450177
0.999574617 0.002096753 -0.029006696 -0.007305631 -0.002262519 0.999976292 -0.005760219 -0.003631235 0.028989567 0.005821507 0.999559671 0.292448141
0.999450877 0.002337243 -0.032994337 -0.009886719 -0.002480204 0.999983042 -0.004365428 -0.003881506 0.032979579 0.004443174 0.999442742 0.344179913
0.999281511 0.001715897 -0.037791699 -0.010946561 -0.001787962 0.999990925 -0.001941322 -0.003982508 0.037782738 0.002005468 0.999280036 0.381487452
0.999154746 0.001211020 -0.041025562 -0.013244252 -0.001172518 0.999993861 0.000899863 -0.004645919 0.041021594 -0.000853140 0.999154344 0.430059097
0.999070913 0.002882557 -0.042923220 -0.016446914 -0.002854373 0.999990568 0.000636351 -0.005519257 0.042919746 -0.000516353 0.999074429 0.482744000
0.998948350 0.002097927 -0.045757107 -0.018201397 -0.002100637 0.999992938 -0.000057181 -0.005301115 0.045752192 0.000151698 0.998949275 0.521635205
0.998860672 -0.000948232 -0.047673297 -0.020509841 0.000926874 0.999994874 -0.000505283 -0.005668319 0.047669318 0.000459292 0.998859837 0.573351606
0.998743176 -0.001218376 -0.050044189 -0.022412092 0.001244536 0.999991744 0.000417257 -0.005870755 0.050036579 -0.000481593 0.998741598 0.616962611
0.998670398 -0.002999830 -0.051398050 -0.025085798 0.003008830 0.999988005 0.000018567 -0.006130690 0.051390574 -0.000176062 0.998672783 0.666258424
0.998561680 -0.000862338 -0.053552805 -0.027718807 0.000775127 0.999991432 -0.001708453 -0.007128372 0.053547571 0.001662157 0.998558938 0.716534645
0.998511150 -0.000503537 -0.054478353 -0.031123146 0.000246974 0.999981374 -0.004819437 -0.007180207 0.054473632 0.004795169 0.998497174 0.764492079
0.998413802 0.003288599 -0.056151569 -0.034503096 -0.003633669 0.999967725 -0.006129901 -0.008180375 0.056123687 0.006321262 0.998397664 0.815913676
0.998348922 0.004402723 -0.057218798 -0.037572036 -0.004746607 0.999963641 -0.005937596 -0.008682479 0.057183887 0.006196933 0.998338759 0.865303307
0.998267159 0.003577994 -0.058669317 -0.040641688 -0.003828442 0.999975488 -0.004249425 -0.009520236 0.058645428 0.004463000 0.998262003 0.915738359
0.998157621 0.004120234 -0.060468658 -0.043660384 -0.004272280 0.999979958 -0.002488656 -0.010136906 0.060450404 0.002738437 0.998160138 0.969722643
0.998133734 0.003902791 -0.060889625 -0.047263650 -0.004060892 0.999981076 -0.002555523 -0.010956749 0.060872199 0.002794981 0.998135060 1.018597260
0.998032034 0.003620624 -0.062539968 -0.051080643 -0.003835013 0.999979824 -0.003396560 -0.011607016 0.062520147 0.003625907 0.998030737 1.072682664
0.997969240 0.002664060 -0.063593148 -0.053999275 -0.002926611 0.999979496 -0.004117917 -0.012156192 0.063574428 0.004292648 0.997960880 1.122290999
0.997936800 0.002465223 -0.064098323 -0.057501529 -0.002621345 0.999984547 -0.002429977 -0.012755988 0.064083398 0.002589683 0.997933880 1.175639182
0.997905522 0.003849507 -0.064529590 -0.060620304 -0.003816664 0.999984056 0.000562144 -0.013233439 0.064523742 -0.000317246 0.997908846 1.229369313
0.997987584 0.004896915 -0.063160960 -0.064833664 -0.004621816 0.999971614 0.004416154 -0.013710115 0.063173790 -0.004118984 0.997987241 1.281163752
0.998066112 0.003716377 -0.062008066 -0.067443278 -0.003262343 0.999960288 0.007351628 -0.013873923 0.062026853 -0.007137604 0.998042494 1.334953307
0.998176187 0.004239963 -0.060175953 -0.071229158 -0.003761841 0.999954611 0.007979330 -0.014132324 0.060201747 -0.007741012 0.998150140 1.387780040
0.998260394 0.004342710 -0.058742093 -0.074394399 -0.004034362 0.999968603 0.005280615 -0.014546007 0.058755317 -0.005037502 0.998251900 1.441670268
0.998319849 0.005052249 -0.057671651 -0.077989561 -0.005016966 0.999977961 0.000686913 -0.014951201 0.057666086 -0.000398810 0.998328418 1.494877815
0.998386889 0.004489959 -0.056550345 -0.081053404 -0.004632094 0.999977351 -0.002477978 -0.015204957 0.056531116 0.002733256 0.998388931 1.549422413
0.998425960 0.002268865 -0.055978638 -0.084063798 -0.002366136 0.999987558 -0.001761893 -0.015283193 0.055966925 0.001888364 0.998423964 1.603347421
0.998438254 0.001049589 -0.055782005 -0.087369672 -0.000869141 0.999984563 0.003154741 -0.015864200 0.055775642 -0.003105108 0.998430192 1.658717305
0.998371303 -0.002974394 -0.056913445 -0.090176601 0.003378611 0.999961615 0.006914851 -0.016555153 0.056883220 -0.007099032 0.998348028 1.713468671
0.998273700 -0.009502741 -0.057887015 -0.093077572 0.009855582 0.999923438 0.005713599 -0.016173350 0.057818204 -0.006277776 0.998297900 1.768980622
0.998161242 -0.012144518 -0.059345702 -0.096141507 0.012300797 0.999914601 0.002190685 -0.016987116 0.059308384 -0.002918899 0.998228595 1.823907196
0.998074621 -0.012204104 -0.060773318 -0.099661419 0.012121803 0.999916569 -0.001787149 -0.017369554 0.060783453 0.001045072 0.998143152 1.880124271
0.997931018 -0.011090977 -0.063295659 -0.103281826 0.010961717 0.999928459 -0.002443816 -0.017935265 0.063311657 0.001743236 0.997985050 1.938660442
0.997910187 -0.011111286 -0.063619049 -0.107187094 0.011083546 0.999929860 -0.000842867 -0.018704109 0.063617338 0.000134246 0.997967243 1.991663993
0.997868135 -0.007897443 -0.064740391 -0.111191279 0.008046173 0.999956981 0.001959623 -0.019448982 0.064715276 -0.002478909 0.997892887 2.048528582
0.997784048 -0.008170855 -0.065997529 -0.115249222 0.008408920 0.999951765 0.003271838 -0.019786840 0.065961653 -0.003821557 0.997808307 2.104599356
0.997729405 -0.006484050 -0.066988243 -0.119678702 0.006875159 0.999953374 0.005532833 -0.019940872 0.066942688 -0.005983954 0.997732043 2.163913399
0.997746408 -0.006675340 -0.066729246 -0.123232054 0.007290036 0.999925957 0.008928440 -0.020875713 0.066658307 -0.009396525 0.997725576 2.217936247
0.997740715 -0.001163232 -0.067140851 -0.128177227 0.001941033 0.999925152 0.011459670 -0.020996759 0.067116913 -0.011566140 0.997671470 2.275238574
0.997740880 -0.000817637 -0.067137286 -0.131872744 0.001544060 0.999933660 0.010713871 -0.021303849 0.067117613 -0.010795506 0.997680277 2.330384731
0.997732342 -0.000816884 -0.067273581 -0.135502631 0.001443611 0.999948696 0.009223846 -0.021709688 0.067256698 -0.009301537 0.997685790 2.386470140
0.997744813 0.001913554 -0.067062013 -0.139877599 -0.001464761 0.999968707 0.006689277 -0.021628129 0.067066532 -0.006577792 0.997720182 2.441793143
0.997664198 0.001760263 -0.068236925 -0.143445350 -0.001293070 0.999965757 0.006852326 -0.022262770 0.068237877 -0.006749898 0.997639224 2.497667253
0.997598156 -0.000344204 -0.069237180 -0.147677746 0.000874453 0.999962493 0.007581936 -0.021889315 0.069225586 -0.007625876 0.997564778 2.554333508
0.997549892 0.000218849 -0.069922121 -0.151758809 0.000400673 0.999951317 0.008802292 -0.022333788 0.069912737 -0.008810425 0.997506201 2.610022545
0.997559577 0.002560882 -0.069741780 -0.156329956 -0.002206916 0.999976173 0.005097084 -0.022777092 0.069746735 -0.004932661 0.997545258 2.664634407
0.997450620 0.003105532 -0.071276274 -0.159840882 -0.003024039 0.999987707 0.001226694 -0.023317609 0.071274459 -0.001008751 0.997450128 2.720109523
0.997410134 0.003464517 -0.071827132 -0.164080668 -0.003491175 0.999986857 -0.000275961 -0.023463747 0.071820980 0.000525234 0.997410984 2.775273562
0.997416511 0.002620875 -0.071765819 -0.168088697 -0.002370815 0.999983564 0.003542330 -0.024522794 0.071768366 -0.003363996 0.997409567 2.829994082
0.997408271 0.001010586 -0.071925948 -0.172181461 -0.000540078 0.999972165 0.006530574 -0.024996547 0.071926110 -0.006475738 0.997383297 2.884771108
0.997389942 -0.000892335 -0.072178821 -0.175987921 0.001417794 0.999966368 0.007191355 -0.025360975 0.072165242 -0.007276093 0.997360050 2.938906014
0.997388840 -0.004024666 -0.072091596 -0.180368502 0.004486451 0.999964610 0.006203410 -0.026084573 0.072060438 -0.006511667 0.997373134 2.992669046
0.997347325 -0.006456364 -0.072486711 -0.183858477 0.006825450 0.999958411 0.004813650 -0.026485177 0.072448136 -0.005296541 0.997352093 3.046003342
0.997284695 -0.007657888 -0.073221994 -0.188148427 0.008113252 0.999943019 0.005881796 -0.027032889 0.073167898 -0.006461247 0.997292593 3.099452197
0.997135490 -0.011253584 -0.074785242 -0.191448980 0.012033242 0.999872103 0.009959578 -0.026926664 0.074660331 -0.010831494 0.997144684 3.153359234
0.997087105 -0.012237763 -0.075274885 -0.195481878 0.013408047 0.999791071 0.015031717 -0.026989856 0.075072361 -0.015997779 0.997043833 3.206933916
0.997051105 -0.010464294 -0.076015794 -0.199635163 0.011799690 0.999777749 0.017116535 -0.027102060 0.075816651 -0.017963515 0.996954144 3.260805667
0.996952027 -0.009585750 -0.077419393 -0.204049472 0.010658067 0.999847531 0.013422849 -0.027403549 0.077276502 -0.014207550 0.996902958 3.313841104
0.996873632 -0.007613326 -0.078636053 -0.208380189 0.008071837 0.999946176 0.005490435 -0.027534022 0.078586679 -0.006108578 0.996882752 3.365341485
0.996848389 -0.005786874 -0.079109611 -0.213142116 0.005855547 0.999976352 0.000613434 -0.027962585 0.079100629 -0.001075291 0.996860146 3.417265892
0.996769100 -0.000920738 -0.080308995 -0.217485428 0.001062150 0.999992340 0.001704407 -0.028708430 0.080303849 -0.001784522 0.996763542 3.468120932
0.996683165 0.001641150 -0.081357707 -0.222194515 -0.001321302 0.999985666 0.003961124 -0.029281361 0.081360689 -0.003840930 0.996671767 3.519049644
0.996597930 0.004708785 -0.082279663 -0.226720580 -0.004281275 0.999971032 0.005360869 -0.030100751 0.082300467 -0.004990551 0.996589810 3.568594992
0.996510967 0.005139442 -0.083300603 -0.231146407 -0.004738880 0.999970511 0.004990768 -0.030476333 0.083321685 -0.004578848 0.996506467 3.617075801
0.996370315 0.007269047 -0.084809918 -0.235439245 -0.006774080 0.999953225 0.006102932 -0.031181515 0.084848416 -0.005506599 0.996373490 3.664973974
0.996241167 0.008143216 -0.086233372 -0.239431012 -0.007598688 0.999943659 0.006632452 -0.031840498 0.086279449 -0.005952513 0.996248171 3.712183594
0.996123120 0.007710501 -0.087627972 -0.243860856 -0.007112105 0.999943689 0.007130079 -0.032207809 0.087675575 -0.006479416 0.996122673 3.758640052
0.996034697 0.007227993 -0.088669822 -0.247935083 -0.006532981 0.999940857 0.008117474 -0.032385740 0.088721719 -0.007506139 0.996023372 3.804396391
0.995875075 0.010247518 -0.090151848 -0.252328678 -0.009294924 0.999891982 0.010972118 -0.033003044 0.090252669 -0.010089075 0.995863363 3.849517941
0.995735705 0.011680232 -0.091507306 -0.256485622 -0.010349471 0.999829575 0.014997758 -0.033193684 0.091665197 -0.013986879 0.995687425 3.893909633
0.995563850 0.014989043 -0.092883425 -0.261511445 -0.013495839 0.999765903 0.016676796 -0.033318514 0.093109713 -0.015349467 0.995533824 3.938328444
0.995421514 0.017811236 -0.093904454 -0.266418397 -0.016700067 0.999776914 0.012590660 -0.033591210 0.094105725 -0.010965193 0.995497644 3.980612278
0.995279089 0.017798107 -0.095406912 -0.270506698 -0.017385834 0.999831840 0.005142307 -0.033905142 0.095481118 -0.003459456 0.995421484 4.022030294
0.995139360 0.016947924 -0.097005902 -0.274251178 -0.017076389 0.999849707 -0.000502653 -0.034582525 0.096981549 0.002156587 0.995279535 4.062792957
0.995099008 0.017705290 -0.097283585 -0.278598764 -0.017967258 0.999833062 -0.001818801 -0.034700331 0.097233495 0.003557760 0.995251551 4.101531983
0.994976252 0.020447318 -0.097999030 -0.282769352 -0.020385744 0.999787107 0.001620539 -0.035068061 0.098009934 0.000385196 0.995181680 4.139726579
0.994810462 0.020847757 -0.099583756 -0.286604054 -0.020531015 0.999776661 0.004192731 -0.036280604 0.099647161 -0.002126741 0.995016917 4.177336514
0.994772688 0.017474183 -0.100604760 -0.290098831 -0.017484308 0.999843374 0.000773670 -0.036668199 0.100600742 0.000989148 0.994923129 4.212718248
0.994884282 0.009585870 -0.100563735 -0.293040387 -0.010091875 0.999934838 -0.004528873 -0.037208945 0.100512343 0.005520485 0.994916603 4.247718096
0.995048851 0.005370453 -0.099238589 -0.296449385 -0.006344117 0.999930546 -0.009511500 -0.037608365 0.099178838 0.010093680 0.995014414 4.280903160
0.995327338 0.007740662 -0.096244721 -0.299797445 -0.008703603 0.999911488 -0.009596243 -0.038375139 0.096159954 0.010388920 0.995307281 4.314289689
0.995662078 0.012864762 -0.092145722 -0.303298854 -0.013531237 0.999883056 -0.006626299 -0.039123911 0.092048135 0.007844056 0.995720313 4.346589864
0.996079534 0.011143205 -0.087755582 -0.305568666 -0.011499802 0.999923840 -0.003566712 -0.039720733 0.087707742 0.004561756 0.996132255 4.378294945
0.996596709 0.007490792 -0.082088072 -0.307579323 -0.007458482 0.999968753 0.000690808 -0.040394745 0.082089266 -0.000076398 0.996621907 4.409241795
0.997266188 0.003111442 -0.073825411 -0.309301004 -0.002815887 0.999984503 0.004097479 -0.040944362 0.073835965 -0.003878522 0.997259795 4.439038754
0.997992769 0.006789746 -0.062958853 -0.311193794 -0.006564212 0.999968037 0.003770491 -0.041388562 0.062981041 -0.003349911 0.998005882 4.468321204
0.998778194 0.012024503 -0.047928132 -0.312701717 -0.011875197 0.999919951 0.003376065 -0.041893347 0.047963437 -0.002803011 0.998841405 4.496492147
0.999409914 0.017266970 -0.029678400 -0.313539311 -0.017162686 0.999842286 0.003708434 -0.042092565 0.029736091 -0.003197323 0.999549151 4.524435162
0.999849051 0.015473285 -0.007874147 -0.312536083 -0.015440086 0.999869406 0.004103263 -0.042266254 0.007935549 -0.003981307 0.999957591 4.551581621
0.999759510 0.012004230 0.018344535 -0.310742378 -0.012097959 0.999910891 0.005062377 -0.042659847 -0.018283033 -0.005283247 0.999815747 4.577548385
0.998794303 0.010956697 0.047850189 -0.308154009 -0.011297045 0.999909356 0.006854908 -0.043285028 -0.047771990 -0.007387280 0.998827711 4.603119850
0.996651351 0.010499896 0.081090002 -0.305361688 -0.011188524 0.999902323 0.008055138 -0.043464860 -0.080998089 -0.008935561 0.996671498 4.628048778
0.992860839 0.010722623 0.118794704 -0.301146478 -0.011776643 0.999894470 0.008182296 -0.043503746 -0.118694981 -0.009522987 0.992882296 4.652768731
0.987056896 0.010661584 0.160015452 -0.295650572 -0.012112166 0.999891743 0.008094819 -0.043805451 -0.159911610 -0.009928161 0.987079219 4.676016331
0.978638485 0.010162641 0.205337253 -0.289346196 -0.012076814 0.999893174 0.008071968 -0.044311192 -0.205232993 -0.010379333 0.978656783 4.699187279
0.967072338 0.012745975 0.254182070 -0.282127544 -0.014746454 0.999871939 0.005967186 -0.044685118 -0.254072964 -0.009518939 0.967136696 4.721108555
0.951581329 0.013646075 0.307093620 -0.273432285 -0.015245158 0.999878526 0.002810526 -0.045121869 -0.307017386 -0.007355985 0.951674148 4.742085696
0.931913286 0.014151879 0.362404399 -0.263167776 -0.015307887 0.999881431 0.000317584 -0.045238485 -0.362356231 -0.005843722 0.932020099 4.762491584
0.907635704 0.014827897 0.419495538 -0.252062313 -0.015572299 0.999876306 -0.001650214 -0.045677825 -0.419467591 -0.005034874 0.907755747 4.781624079
0.878475830 0.014753177 0.477557674 -0.240088955 -0.014803813 0.999882399 -0.003657681 -0.046067814 -0.477554910 -0.003856570 0.878592626 4.799627661
0.845087721 0.013620810 0.534453720 -0.226281725 -0.012350891 0.999905363 -0.005953850 -0.046392941 -0.534483939 -0.001569537 0.845176667 4.816856145
0.808282093 0.013659704 0.588636041 -0.211450533 -0.011313554 0.999906004 -0.007668631 -0.046777687 -0.588685692 -0.000461491 0.808361694 4.832976699
0.768532098 0.012064102 0.639695108 -0.196145728 -0.009852719 0.999925598 -0.007021469 -0.047223652 -0.639732957 -0.000907936 0.768595919 4.847556710
0.726044193 0.011692535 0.687546834 -0.179503143 -0.011411453 0.999921486 -0.004954576 -0.047738827 -0.687552065 -0.004249483 0.726122439 4.861485601
0.681117058 0.011155785 0.732087746 -0.162432582 -0.010362040 0.999929473 -0.005596877 -0.047644432 -0.732099935 -0.003774812 0.681186423 4.873900771
0.634445936 0.009630889 0.772905096 -0.144302190 -0.006852771 0.999951750 -0.006834920 -0.048244235 -0.772935793 -0.000961355 0.634483203 4.885610103
0.587616548 0.006995846 0.809106976 -0.125644386 -0.001279959 0.999967799 -0.007716567 -0.048768205 -0.809137464 0.003497457 0.587608516 4.895817638
0.540834159 0.009180535 0.841077075 -0.106683403 -0.003207178 0.999954164 -0.008852313 -0.049337905 -0.841122388 0.002088895 0.540840298 4.905513048
0.493620858 0.012117043 0.869590685 -0.087428540 -0.006804677 0.999924600 -0.010070447 -0.049920417 -0.869649842 -0.000947701 0.493667528 4.914446234
0.448135138 0.014333482 0.893848196 -0.067801118 -0.007452554 0.999894739 -0.012297759 -0.050447760 -0.893933609 -0.001152543 0.448196635 4.922174693
0.405744389 0.011651772 0.913909971 -0.047485709 -0.000173500 0.999917865 -0.012671311 -0.050936301 -0.913985922 0.004981254 0.405714646 4.928637743
0.366309822 0.004102933 0.930481359 -0.026199043 0.015086279 0.999830484 -0.010347849 -0.051080338 -0.930370122 0.017826809 0.366187424 4.933793902
0.330384240 0.000935007 0.943843841 -0.004847168 0.019128300 0.999785616 -0.007685940 -0.051095653 -0.943652346 0.020592339 0.330296234 4.939403057
0.297529861 0.004561268 0.954698980 0.016500235 0.016914646 0.999804616 -0.010048207 -0.051781565 -0.954561785 0.019135862 0.297395736 4.944772004
0.266806602 0.012130037 0.963671923 0.038581431 0.005981173 0.999878868 -0.014241753 -0.052755372 -0.963731542 0.009563671 0.266701951 4.950571775
0.238372802 0.016746816 0.971027583 0.061097204 0.001198489 0.999843658 -0.017538029 -0.053738624 -0.971173003 0.005344461 0.238315418 4.955642104
0.212861150 0.018236280 0.976910740 0.084462166 0.002769749 0.999809027 -0.019267328 -0.054709050 -0.977078512 0.006807587 0.212770105 4.959530711
0.189421326 0.019664130 0.981697277 0.108409822 0.010551674 0.999699265 -0.022060730 -0.055210887 -0.981839180 0.014537570 0.189157023 4.962610126
0.169547186 0.025844304 0.985181556 0.132849514 0.017676534 0.999413937 -0.029259758 -0.055237689 -0.985363573 0.022375656 0.168991163 4.965018511
0.149461881 0.032640446 0.988226935 0.157804966 0.019466924 0.999162435 -0.035945813 -0.055356566 -0.988575847 0.024610076 0.148701146 4.968119145
0.131480113 0.033492502 0.990751326 0.184228659 0.017104581 0.999202058 -0.036048086 -0.056185456 -0.991171270 0.021685826 0.130802692 4.971649767
0.116413563 0.029114791 0.992772087 0.211932779 0.015015744 0.999402568 -0.031069785 -0.057657542 -0.993087173 0.018523349 0.115906403 4.974197626
0.101473138 0.025891349 0.994499222 0.240188778 0.015422737 0.999498100 -0.027594822 -0.058956102 -0.994718536 0.018137034 0.101022125 4.976920724
0.088427067 0.023364601 0.995806680 0.269131363 0.017886592 0.999524444 -0.025039925 -0.060006757 -0.995921970 0.020024972 0.087966532 4.978684545
0.076950148 0.022498925 0.996779233 0.299103558 0.021879427 0.999464422 -0.024248321 -0.060933520 -0.996794656 0.023674208 0.076415538 4.980127692
0.066846043 0.023222733 0.997490912 0.330168605 0.024889861 0.999377087 -0.024934405 -0.061796954 -0.997452647 0.026493399 0.066225708 4.981555938
0.059073791 0.024083706 0.997960299 0.362022936 0.026920878 0.999304488 -0.025709142 -0.062595442 -0.997890069 0.028382562 0.058383509 4.982856869
0.053198725 0.024119446 0.998289884 0.395822346 0.028566111 0.999260023 -0.025664750 -0.063670290 -0.998174802 0.029880645 0.052469775 4.984635830
0.047185465 0.025228095 0.998563901 0.429943621 0.029790164 0.999198139 -0.026650950 -0.064700283 -0.998440713 0.031001707 0.046395122 4.986200332
0.041230098 0.025724272 0.998815536 0.464858115 0.030527824 0.999166965 -0.026992962 -0.065871371 -0.998682588 0.031602201 0.040409729 4.987327456
0.036260724 0.026193097 0.998993605 0.501700938 0.032528760 0.999092430 -0.027376345 -0.066886885 -0.998810917 0.033483525 0.035376101 4.988427997
0.033672571 0.026145641 0.999085978 0.539352357 0.034034726 0.999045208 -0.027291675 -0.068053292 -0.998851255 0.034917954 0.032750889 4.989197254
0.029833376 0.025938242 0.999208793 0.578494371 0.034689363 0.999029546 -0.026970620 -0.069308554 -0.998948037 0.035457340 0.028906420 4.990408301
0.027489021 0.025300748 0.999291897 0.617991864 0.036884508 0.998968497 -0.026308739 -0.070630342 -0.998936162 0.037572045 0.026529341 4.991397977
0.026984483 0.024796322 0.999319538 0.660727083 0.041534003 0.998795882 -0.025905296 -0.072437175 -0.998769507 0.042196693 0.025923088 4.991260528
0.028082445 0.024640441 0.999293104 0.703190625 0.044935811 0.998649285 -0.025886879 -0.073614849 -0.998591795 0.045622692 0.026937202 4.991976976
0.031005443 0.024346652 0.999212981 0.746287703 0.047076285 0.998552456 -0.025791167 -0.075258211 -0.998406589 0.047829887 0.029814810 4.992656469
0.036916301 0.023441879 0.999040141 0.796230316 0.049524465 0.998451710 -0.025259619 -0.078426790 -0.998088196 0.050412780 0.035696879 4.990106702
0.041359857 0.022644231 0.998884126 0.840675353 0.049857485 0.998448774 -0.024700320 -0.080074491 -0.997897372 0.050827225 0.040165246 4.991896391
0.045399458 0.021216990 0.998741045 0.886793077 0.051431280 0.998397455 -0.023549061 -0.081109497 -0.997642159 0.052438284 0.044234321 4.993916154
0.049328372 0.019908496 0.998580367 0.934387923 0.051219491 0.998433232 -0.022438062 -0.082549930 -0.997465446 0.052257477 0.048229591 4.995916843
0.053778604 0.017846316 0.998389662 0.981755435 0.048264649 0.998623162 -0.020452413 -0.083782899 -0.997382939 0.049290648 0.052841574 4.998432994
0.057806372 0.016696078 0.998184994 1.029813945 0.047641635 0.998672903 -0.019465171 -0.085237086 -0.997188032 0.048683646 0.056932643 5.001520873
0.061687186 0.017484988 0.997939185 1.078799129 0.044546707 0.998800635 -0.020254181 -0.087359047 -0.997098923 0.045707609 0.060834035 5.004860759
0.064897672 0.021386085 0.997659966 1.127745748 0.042327186 0.998810321 -0.024164332 -0.089224754 -0.996992171 0.043799239 0.063915163 5.008189201
0.066039323 0.026607564 0.997459486 1.176738203 0.036054990 0.998926952 -0.029034489 -0.091402689 -0.997163505 0.037883439 0.065008655 5.011999846
0.065551728 0.029931677 0.997397498 1.225681305 0.033158710 0.998931557 -0.032157806 -0.093022925 -0.997296289 0.035183048 0.064488649 5.015827537
0.065938324 0.029395143 0.997388065 1.275777161 0.030942800 0.999023706 -0.031489871 -0.095063257 -0.997342289 0.032940993 0.064963639 5.019400955
0.066040113 0.027320442 0.997439758 1.325054467 0.028301684 0.999169857 -0.029242121 -0.097553154 -0.997414038 0.030163691 0.065211743 5.022932410
0.065565109 0.026148881 0.997503341 1.375033438 0.029195285 0.999177158 -0.028112706 -0.099632535 -0.997419626 0.030967896 0.064746946 5.026622176
0.066030472 0.025285557 0.997493789 1.424891830 0.026496241 0.999279871 -0.027086456 -0.102042085 -0.997463598 0.028221830 0.065311537 5.030433893
0.065764949 0.025919537 0.997495949 1.474277616 0.025279922 0.999296710 -0.027634060 -0.103861472 -0.997513577 0.027036497 0.065062389 5.034235001
0.065756768 0.026568663 0.997479662 1.523703158 0.022373644 0.999352992 -0.028094367 -0.105843441 -0.997583956 0.024166797 0.065118611 5.038085223
0.064418435 0.027827959 0.997532695 1.572819710 0.019030101 0.999393106 -0.029109569 -0.108272882 -0.997740701 0.020860180 0.063848495 5.041531444
0.061186731 0.027467404 0.997746140 1.622360527 0.016376468 0.999457255 -0.028519406 -0.110156782 -0.997991338 0.018086670 0.060702875 5.045505524
0.057460010 0.026318031 0.997999609 1.671469331 0.013920104 0.999532580 -0.027159927 -0.112364696 -0.998250589 0.015452912 0.057065756 5.048099995
0.052706108 0.024026004 0.998319522 1.721095145 0.011551740 0.999626890 -0.024667378 -0.114303084 -0.998542890 0.012832510 0.052407264 5.051131964
0.046499208 0.021655453 0.998682260 1.769743264 0.009860725 0.999704748 -0.022136733 -0.116489858 -0.998869404 0.010877049 0.046270818 5.053062915
0.039121211 0.022183558 0.998986974 1.818543911 0.009388710 0.999699638 -0.022567090 -0.118128959 -0.999189988 0.010262106 0.038899913 5.055053592
0.029932797 0.022801165 0.999290586 1.867519080 0.008748723 0.999694169 -0.023072156 -0.120304286 -0.999513373 0.009432456 0.029723287 5.056361198
0.020013302 0.023170259 0.999530033 1.915357590 0.009249224 0.999683201 -0.023358855 -0.122054769 -0.999756857 0.009711695 0.019792214 5.057089090
0.009381026 0.022107681 0.999710381 1.964361012 0.010488515 0.999697224 -0.022205625 -0.124014839 -0.999900847 0.010693017 0.009145841 5.057543159
-0.001811415 0.021261623 0.999771342 2.012720108 0.009917055 0.999724149 -0.021242394 -0.125806100 -0.999949024 0.009875590 -0.002022356 5.057663321
-0.012835532 0.020580072 0.999703481 2.061683118 0.010961741 0.999728918 -0.020439647 -0.127329555 -0.999857217 0.010694679 -0.013058215 5.056705952
-0.024269253 0.021037287 0.999480903 2.109287679 0.010979677 0.999721959 -0.020775380 -0.128950957 -0.999643847 0.010466689 -0.024493933 5.055394889
-0.035373002 0.021672153 0.999136269 2.156358898 0.011312551 0.999707789 -0.021283852 -0.130578468 -0.999308974 0.010546962 -0.035608112 5.053817749
-0.045488149 0.022902633 0.998698964 2.203189612 0.011056771 0.999685034 -0.022421273 -0.132046669 -0.998902693 0.010019573 -0.045727820 5.050742746
-0.055359214 0.024598211 0.998161033 2.251555801 0.011815515 0.999639973 -0.023979257 -0.132989321 -0.998396546 0.010466797 -0.055628925 5.047233105
-0.064804435 0.025254871 0.997575029 2.297672928 0.012206755 0.999621704 -0.024513793 -0.134780317 -0.997823238 0.010587542 -0.065088124 5.043591618
-0.073893727 0.025145968 0.996945933 2.346473098 0.012297257 0.999626144 -0.024300802 -0.138117206 -0.997189089 0.010466767 -0.074173480 5.037920475
-0.082888812 0.025842550 0.996220783 2.391803801 0.013210329 0.999601707 -0.024830209 -0.139223590 -0.996470481 0.011104678 -0.083195895 5.033542395
-0.091454625 0.025431355 0.995480462 2.444482922 0.014718241 0.999596879 -0.024183953 -0.141522117 -0.995698676 0.012444083 -0.091792136 5.027933717
-0.098613203 0.024231878 0.994827450 2.488160550 0.016216747 0.999607638 -0.022740439 -0.143319901 -0.994992540 0.013893606 -0.098967373 5.022625804
-0.103501439 0.022437019 0.994370326 2.535020292 0.019324313 0.999600470 -0.020543111 -0.145754836 -0.994437322 0.017094696 -0.103893846 5.017008662
-0.106801152 0.020679914 0.994059384 2.577800036 0.022076582 0.999584645 -0.018422208 -0.147281222 -0.994031131 0.019983520 -0.107213348 5.011217356
-0.110166937 0.019531773 0.993716523 2.621334315 0.023652787 0.999573320 -0.017025244 -0.148998875 -0.993628651 0.021633240 -0.110582888 5.006641984
-0.111650497 0.018671423 0.993567914 2.662768602 0.023757771 0.999585926 -0.016115181 -0.150348119 -0.993461043 0.021809967 -0.112048745 5.001658320
-0.112595797 0.019533413 0.993445158 2.704040050 0.025323973 0.999536007 -0.016783932 -0.151329927 -0.993316307 0.023271937 -0.113039940 4.997096538
-0.111501516 0.020469981 0.993548795 2.743939876 0.026368715 0.999491989 -0.017635987 -0.152520917 -0.993410975 0.024236443 -0.111989855 4.992351889
-0.108300775 0.021841900 0.993873954 2.781411528 0.026265786 0.999470248 -0.019103872 -0.154485874 -0.993768559 0.024040282 -0.108818680 4.987758993
-0.103413761 0.022293126 0.994383768 2.818705976 0.026448178 0.999454454 -0.019657291 -0.155792538 -0.994283914 0.024271683 -0.103948533 4.984574676
-0.095581084 0.023015873 0.995150552 2.854295194 0.026440108 0.999436274 -0.020575757 -0.157340914 -0.995067656 0.024350319 -0.096136541 4.981073975
-0.084329337 0.022794294 0.996173755 2.890116036 0.024783334 0.999474839 -0.020772466 -0.158858005 -0.996128097 0.022940293 -0.084851176 4.978444338
-0.070548446 0.022842062 0.997241140 2.923915028 0.024085299 0.999482557 -0.021191158 -0.160537704 -0.997213945 0.022529534 -0.071064085 4.976359724
-0.053050011 0.024720871 0.998280108 2.956485928 0.023739109 0.999439702 -0.023490135 -0.161560531 -0.998305589 0.022457776 -0.053609133 4.975056290
-0.031832844 0.026932603 0.999125675 2.988593340 0.021549558 0.999421000 -0.026254814 -0.163083184 -0.999257997 0.020699640 -0.032395750 4.974215388
-0.007292181 0.029910651 0.999521494 3.020103455 0.019517189 0.999364332 -0.029763186 -0.164730452 -0.999780432 0.019295380 -0.007871062 4.975071191
0.021519766 0.031464466 0.999268412 3.050612211 0.017906623 0.999330371 -0.031852059 -0.166138996 -0.999604970 0.018583690 0.020941839 4.976182223
0.054629713 0.031254514 0.998013302 3.081856251 0.015697265 0.999358222 -0.032156401 -0.167324119 -0.998380438 0.017426672 0.054103717 4.979093313
0.092915118 0.028618139 0.995258466 3.112843692 0.014449086 0.999441385 -0.030088108 -0.168867964 -0.995566294 0.017180202 0.092449351 4.982344627
0.135257393 0.024674790 0.990499750 3.142092943 0.011967563 0.999575391 -0.026534896 -0.170472189 -0.990735561 0.015445950 0.134904921 4.987525224
0.181232050 0.020403135 0.983222156 3.170754373 0.009511922 0.999700353 -0.022498306 -0.171852522 -0.983389035 0.013434962 0.180984035 4.992942214
0.229734823 0.017410474 0.973089188 3.199672997 0.004798834 0.999805763 -0.019023152 -0.172797885 -0.973234788 0.009046564 0.229606464 5.001478792
0.281664878 0.015426053 0.959379896 3.228226006 0.000878005 0.999863669 -0.016339947 -0.174376830 -0.959504813 0.005451368 0.281611472 5.011236548
0.336341887 0.015260038 0.941606402 3.255460322 0.000449502 0.999864161 -0.016370208 -0.175128482 -0.941730648 0.005934883 0.336288289 5.022697806
0.395347760 0.015834015 0.918378875 3.281942665 0.002857990 0.999823913 -0.018473505 -0.175830874 -0.918511943 0.009935499 0.395232409 5.034835100
0.458370597 0.018820839 0.888513237 3.307870269 0.003238558 0.999732122 -0.022850469 -0.177043929 -0.888708085 0.013367211 0.458187446 5.047377705
0.517503575 0.022273408 0.855311245 3.331342220 0.004294005 0.999579430 -0.028623546 -0.178118981 -0.855591312 0.018505830 0.517191797 5.063787818
0.575536400 0.027978481 0.817227260 3.354152381 0.000074475 0.999412522 -0.034257370 -0.178157310 -0.817705646 0.019783334 0.575196594 5.081902385
0.631733089 0.029651344 0.774501771 3.375163317 -0.004208652 0.999384344 -0.034815206 -0.180107593 -0.775057390 0.018744541 0.631469385 5.100888372
0.684425399 0.029357488 0.728321299 3.395079135 -0.005306111 0.999362454 -0.035274934 -0.181951709 -0.728892759 0.020295716 0.684145823 5.122114538
0.732641771 0.027839544 0.679870904 3.412372172 -0.005843480 0.999383330 -0.034593844 -0.182845000 -0.680414528 0.021375537 0.732352794 5.143230677
0.776598960 0.025101215 0.629320666 3.427317739 -0.008188946 0.999523282 -0.029729654 -0.183727726 -0.629767850 0.017924309 0.776434332 5.166730046
0.818121999 0.017986705 0.574527115 3.442687870 -0.007221491 0.999752253 -0.020964514 -0.185562308 -0.574763120 0.012990610 0.818049148 5.191018342
0.853466898 0.015346168 0.520762801 3.455723047 -0.009144491 0.999852747 -0.014439622 -0.186506108 -0.520907909 0.007559863 0.853481442 5.218754172
0.883870736 0.012243522 0.467373013 3.466465056 -0.009810597 0.999921575 -0.007594548 -0.186840415 -0.467430339 0.002118839 0.883921460 5.245264649
0.909319371 0.012643269 0.415596903 3.477519870 -0.012975904 0.999910354 -0.001949624 -0.187713432 -0.415588326 -0.003647190 0.909403190 5.274024129
0.929061725 0.013804820 0.369316288 3.485651970 -0.015858229 0.999867336 0.002624632 -0.189133722 -0.369233557 -0.008311921 0.929157391 5.300750732
0.944335744 0.019980377 0.327821016 3.494371355 -0.022960735 0.999714404 0.005401744 -0.189555679 -0.327625915 -0.012665047 0.944526077 5.331596016
0.955882684 0.023468008 0.292050124 3.501943529 -0.025923566 0.999644339 0.004781087 -0.189696814 -0.291840180 -0.012178744 0.956152112 5.362310290
0.964907989 0.025982778 0.260419950 3.509416819 -0.028133460 0.999583572 0.004809858 -0.189746469 -0.260194007 -0.012013368 0.965239287 5.393182397
0.970825583 0.020840361 0.237770967 3.515245617 -0.022607692 0.999720826 0.005047199 -0.189878419 -0.237609707 -0.010337463 0.971030057 5.419213533
0.974760189 0.017374625 0.221268107 3.522743582 -0.018980463 0.999791816 0.005551574 -0.189983417 -0.221137733 -0.009681036 0.974892258 5.451133490
0.977392688 0.021286711 0.208899383 3.528520942 -0.022826798 0.999713287 0.005395373 -0.190194058 -0.208735310 -0.010109935 0.977603138 5.483928681
0.979527608 0.026014219 0.197826769 3.534869074 -0.027720424 0.999582186 0.006371186 -0.190074805 -0.197590213 -0.011804631 0.979845315 5.517247320
0.980985597 0.032595815 0.188676975 3.540427268 -0.034007966 0.999388010 0.005004629 -0.189463057 -0.188417252 -0.011454491 0.981505424 5.545764446
0.981270030 0.038326462 0.186520558 3.545597434 -0.039232302 0.999209568 0.001811473 -0.190193076 -0.186320346 -0.009209524 0.982009560 5.578534961
0.981061071 0.039994647 0.187110290 3.550972998 -0.040209156 0.999167174 -0.001924139 -0.189795252 -0.187051095 -0.005763227 0.981865957 5.614813805
0.981149286 0.037553639 0.186593275 3.557403802 -0.037237637 0.999265969 -0.004417341 -0.190379627 -0.186651214 -0.002812333 0.981857941 5.646216035
0.980451286 0.033590779 0.190674257 3.560592950 -0.031917139 0.999372289 -0.011122919 -0.189211554 -0.190978557 0.004496328 0.980992764 5.684855580
0.979742646 0.034128459 0.194265246 3.568095326 -0.031575102 0.999324009 -0.015539331 -0.189734589 -0.194714911 0.008770126 0.980245038 5.717775702
0.978174134 0.035330617 0.202069241 3.561451197 -0.032623790 0.999189376 -0.016770625 -0.186516032 -0.202538953 0.009340322 0.978810787 5.764655113
0.976988018 0.038125314 0.207296856 3.568904281 -0.036237843 0.999119043 -0.013013257 -0.186994027 -0.207645498 0.004734584 0.977788508 5.800060510
0.975787029 0.036283900 0.213601112 3.567918538 -0.035244980 0.999229431 -0.008838518 -0.185516983 -0.213777434 0.000711322 0.976534441 5.842155337
0.975092232 0.032128087 0.217405635 3.576555252 -0.032215326 0.999360561 -0.003340843 -0.185977772 -0.217392896 -0.004136999 0.975731537 5.879590869
0.974447012 0.030505173 0.220354434 3.578743518 -0.031745365 0.999392018 0.002077136 -0.185448676 -0.220194489 -0.009415051 0.975019247 5.921339393
0.973987013 0.025729017 0.223036847 3.587787687 -0.027058958 0.999531955 0.002919646 -0.185773723 -0.222896989 -0.009262263 0.974414661 5.958976984
0.973268270 0.024126135 0.227154590 3.587300658 -0.024806645 0.999633610 0.000258961 -0.185473267 -0.227101528 -0.006116072 0.973618194 5.996851683
0.973456889 0.023582933 0.226411954 3.596872925 -0.022568274 0.999661223 -0.006931962 -0.185671906 -0.226538159 0.001409526 0.973770753 6.035631061
0.971692294 0.031036367 0.234104887 3.585527658 -0.028564469 0.999489799 -0.013867657 -0.183790807 -0.234421883 0.006774975 0.972085819 6.072786331
0.972250402 0.034046728 0.231362123 3.595224678 -0.030720036 0.999362141 -0.017896318 -0.184126947 -0.231829546 0.010280197 0.972678781 6.115257620
0.972305387 0.033948558 0.231222544 3.596923112 -0.031649353 0.999401168 -0.013613485 -0.183336121 -0.231545240 0.005919255 0.972797930 6.156422377
0.972775490 0.029776014 0.229815584 3.607474507 -0.029172985 0.999551878 -0.005989917 -0.184134737 -0.229890182 -0.000876849 0.973208486 6.200870872
0.973367348 0.030542319 0.227186214 3.614310801 -0.031359113 0.999501094 0.000033495 -0.184473373 -0.227068864 -0.007154146 0.973841131 6.248383403
0.973635986 0.034066403 0.225528699 3.624218464 -0.034782001 0.999388247 -0.000757355 -0.184981364 -0.225413383 -0.007103814 0.974227160 6.294123411
0.973486126 0.039414397 0.225322999 3.629210651 -0.039028275 0.999216497 -0.006174147 -0.183798418 -0.225388408 -0.002783857 0.974262550 6.347094417
0.974367365 0.040114074 0.221356441 3.639549554 -0.038503506 0.999188855 -0.011591746 -0.184276592 -0.221640971 0.002771458 0.975121990 6.393743277
0.975325257 0.038584803 0.217374038 3.648212075 -0.036215293 0.999232248 -0.014878360 -0.183896054 -0.217781771 0.006639146 0.975973815 6.446389555
0.976262525 0.036262271 0.213532514 3.658731400 -0.034190342 0.999324813 -0.013392806 -0.184812937 -0.213874248 0.005774257 0.976843163 6.494861006
0.977073789 0.032939091 0.210337356 3.668323219 -0.031241533 0.999446585 -0.011389952 -0.185330164 -0.210596256 0.004557584 0.977562129 6.550451517
0.977513045 0.031679560 0.208481573 3.678277850 -0.030558786 0.999495685 -0.008596640 -0.186280444 -0.208648723 0.002032373 0.977988138 6.597491026
0.977996022 0.028303211 0.206692316 3.689306259 -0.027541126 0.999598786 -0.006560762 -0.186518952 -0.206795409 0.000723470 0.978383242 6.653047561
0.978270367 0.023329401 0.206014994 3.700105786 -0.022752868 0.999727428 -0.005165217 -0.187317785 -0.206079650 0.000365268 0.978534669 6.700160146
0.978185504 0.024521694 0.206280407 3.709618926 -0.024208476 0.999698728 -0.004042588 -0.187249299 -0.206317407 -0.001039407 0.978484467 6.755232453
0.978019058 0.029748233 0.206382509 3.719204545 -0.029157933 0.999557391 -0.005901901 -0.188369353 -0.206466731 -0.000245515 0.978453576 6.803413629
0.977745905 0.034842196 0.206878748 3.729573250 -0.033612394 0.999390155 -0.009457830 -0.188764695 -0.207082089 0.002293618 0.978320822 6.858194947
0.977221593 0.043965030 0.207617242 3.739367426 -0.042649580 0.999031588 -0.010809869 -0.189928308 -0.207891449 0.001708828 0.978150353 6.907112002
0.976278275 0.050260252 0.210605093 3.750157535 -0.049207289 0.998736054 -0.010240887 -0.191118044 -0.210853607 -0.000365367 0.977517485 6.961111426
0.975499034 0.052977835 0.213528895 3.760649263 -0.052437939 0.998590335 -0.008195458 -0.192146733 -0.213662051 -0.003202244 0.976902365 7.010824443
0.974941939 0.053292575 0.215980578 3.772713840 -0.052571287 0.998575524 -0.009087333 -0.193152196 -0.216157063 -0.002494695 0.976355344 7.066072584
0.974556029 0.051909261 0.218049149 3.783187568 -0.050556341 0.998651326 -0.011782740 -0.194124531 -0.218366567 0.000459297 0.975866615 7.115455865
0.974654779 0.045493000 0.219037548 3.796815097 -0.044291722 0.998964280 -0.010393103 -0.195361037 -0.219283395 0.000428633 0.975660771 7.169346690
0.974947974 0.039027697 0.218980171 3.808594167 -0.037355044 0.999232516 -0.011773706 -0.196622435 -0.219271496 0.003299169 0.975657850 7.218938708
0.974749103 0.038408100 0.219972271 3.821827113 -0.036723044 0.999256298 -0.011745098 -0.198075328 -0.220259763 0.003370980 0.975434915 7.273439288
0.974199518 0.040645415 0.221995931 3.832304358 -0.039631587 0.999173343 -0.009020238 -0.198950779 -0.222178902 -0.000010012 0.975005552 7.323027730
0.973749385 0.042778593 0.223564327 3.844421089 -0.043140684 0.999063403 -0.003265522 -0.200043305 -0.223494548 -0.006464357 0.974683345 7.377764463
0.973419667 0.046100387 0.224338673 3.855265379 -0.047501029 0.998870641 0.000848924 -0.200933836 -0.224046074 -0.011482242 0.974510431 7.427128196
0.973197221 0.045346105 0.225453425 3.867894054 -0.045238298 0.998959690 -0.005645302 -0.202002399 -0.225474689 -0.004704300 0.974237174 7.480846525
0.973545983 0.041172143 0.224748601 3.879586040 -0.037642956 0.999091372 -0.019966034 -0.203233417 -0.225366313 0.010978238 0.974211960 7.528471469
0.973892763 0.039009892 0.223627992 3.893170535 -0.033334273 0.999020025 -0.029098702 -0.204498157 -0.224543821 0.020885396 0.974239692 7.581341743
0.974127933 0.036070056 0.223096032 3.904173016 -0.032444247 0.999275044 -0.019895849 -0.205642682 -0.223651826 0.012143858 0.974592864 7.629948377
0.974441886 0.029562702 0.222681858 3.917062462 -0.030493007 0.999533742 0.000740538 -0.206918739 -0.222555950 -0.007511388 0.974890828 7.684852004
0.974675462 0.026155092 0.222085450 3.927847982 -0.030432966 0.999409974 0.015862651 -0.208086704 -0.221539151 -0.022219132 0.974898040 7.734284640
