0.993945658 0.027467236 -0.106384374 -0.010206879 -0.027341716 0.999622643 0.002638465 -0.001493958 0.106416710 0.000286240 0.994321585 0.048924785
0.985947609 0.037002340 -0.162905365 -0.016926954 -0.036547188 0.999315143 0.005791028 -0.001585383 0.163008079 0.000244082 0.986624718 0.072771817
0.974521518 0.044030130 -0.219929829 -0.025856961 -0.042770974 0.999029875 0.010485975 -0.001574830 0.220178172 -0.000812195 0.975459337 0.099309713
0.959698677 0.050304804 -0.276492000 -0.034159120 -0.046558518 0.998713315 0.020101586 -0.001548841 0.277147442 -0.006418409 0.960805953 0.119336344
0.942157924 0.058854565 -0.329961419 -0.045968510 -0.050259482 0.998139203 0.034527302 -0.001178956 0.331379533 -0.015946480 0.943362772 0.145411149
0.921482384 0.068423532 -0.382346004 -0.056659091 -0.054314461 0.997389257 0.047587980 -0.000613589 0.384603918 -0.023084570 0.922793031 0.164018929
0.898174942 0.076396950 -0.432949573 -0.070263535 -0.057275258 0.996726573 0.057058990 0.000256758 0.435891449 -0.026451658 0.899610460 0.185635090
0.872498333 0.080101803 -0.482006609 -0.083614260 -0.056451492 0.996390343 0.063399203 0.001161262 0.485345125 -0.028105708 0.873870790 0.204948410
0.843781173 0.082779631 -0.530264914 -0.098827079 -0.054660700 0.996150494 0.068530470 0.002198004 0.533896565 -0.028840074 0.845057845 0.224076450
0.812125146 0.079479828 -0.578044713 -0.113871515 -0.047133632 0.996377826 0.070779175 0.003598959 0.581576467 -0.030236199 0.812929630 0.242254332
0.777870655 0.073449612 -0.624117315 -0.130977139 -0.038551256 0.996852994 0.069266751 0.005433487 0.627240837 -0.029820068 0.778254271 0.260307670
0.740148425 0.065020852 -0.669292569 -0.147723213 -0.028281895 0.997443557 0.065624259 0.007140437 0.671848476 -0.029642830 0.740095198 0.277163327
0.700559497 0.060887981 -0.710991561 -0.167033479 -0.023410669 0.997777820 0.062380642 0.008736284 0.713209867 -0.027056567 0.700428188 0.293145508
0.660635173 0.059666280 -0.748332262 -0.187819377 -0.021650882 0.997936130 0.060454171 0.010785249 0.750394881 -0.023736103 0.660563529 0.309250057
0.621798038 0.061273564 -0.780777037 -0.210045442 -0.020713059 0.997872651 0.061815187 0.011915447 0.782903671 -0.022264287 0.621744454 0.323971212
0.583595932 0.062177747 -0.809660256 -0.233734101 -0.017659437 0.997800231 0.063897163 0.013175970 0.811852217 -0.022991987 0.583410203 0.339153886
0.547758698 0.061457042 -0.834376097 -0.258206785 -0.014657344 0.997850239 0.063875556 0.014893409 0.836507976 -0.022758653 0.547481954 0.353133798
0.513052583 0.061032973 -0.856184602 -0.283551663 -0.013212421 0.997912228 0.063218713 0.016686333 0.858255506 -0.021122249 0.512787819 0.366989136
0.482679188 0.059938371 -0.873743773 -0.310117364 -0.011301388 0.997998536 0.062218998 0.018135823 0.875724316 -0.020157296 0.482390523 0.379905790
0.456845224 0.058567371 -0.887616098 -0.337639838 -0.012011334 0.998145401 0.059678312 0.020010766 0.889465094 -0.016602296 0.456701398 0.392560244
0.433966994 0.057190277 -0.899111688 -0.365510762 -0.011428543 0.998252332 0.057980243 0.021616006 0.900856256 -0.014885973 0.433862150 0.404754281
0.413656354 0.057030253 -0.908645093 -0.394939274 -0.012740216 0.998301029 0.056857497 0.023278974 0.910343945 -0.011943133 0.413680136 0.416905731
0.396225393 0.056998659 -0.916382372 -0.423930347 -0.014430644 0.998334527 0.055856530 0.024386808 0.918039858 -0.008907788 0.396387994 0.429265469
0.382860482 0.057338353 -0.922025025 -0.455589533 -0.017023452 0.998340368 0.055015411 0.026143430 0.923649311 -0.005367182 0.383201182 0.440617651
0.374366462 0.056638356 -0.925549507 -0.487647653 -0.018680459 0.998390973 0.053539962 0.027276002 0.927092671 -0.002753880 0.374822140 0.451143205
0.367704451 0.054887429 -0.928321481 -0.519923031 -0.018635461 0.998491108 0.051654804 0.029620888 0.929755926 -0.001694001 0.368172526 0.464962214
0.364059627 0.054861318 -0.929758489 -0.552267790 -0.019285141 0.998493671 0.051365748 0.031180821 0.931176007 -0.000769673 0.364569247 0.478250712
0.362614274 0.054939959 -0.930318475 -0.587527037 -0.018370995 0.998488247 0.051805180 0.032799505 0.931758225 -0.001694421 0.363075376 0.490828454
0.361084461 0.054725308 -0.930926085 -0.622323990 -0.017873630 0.998499334 0.051764905 0.035046771 0.932361960 -0.002052481 0.361520708 0.504707932
0.361555934 0.055840060 -0.930676758 -0.659655154 -0.017971359 0.998436809 0.052923985 0.036257323 0.932177186 -0.002409453 0.361994267 0.518510759
0.362626731 0.055669487 -0.930270314 -0.697022915 -0.017119976 0.998443723 0.053075641 0.037895136 0.931777239 -0.003320448 0.363015473 0.533189416
0.362918437 0.053147588 -0.930304110 -0.735649526 -0.015330287 0.998577535 0.051067550 0.039978120 0.931694925 -0.004271535 0.363216996 0.548080981
0.364068031 0.050259598 -0.930015326 -0.775036514 -0.013751968 0.998724163 0.048589330 0.041829962 0.931270838 -0.004900285 0.364294708 0.563550591
0.365077436 0.048126202 -0.929732382 -0.815840602 -0.012437875 0.998825967 0.046818752 0.044565424 0.930894077 -0.005528574 0.365247369 0.579845905
0.366468251 0.047089480 -0.929238141 -0.858617485 -0.013033038 0.998880267 0.045478716 0.047157388 0.930339217 -0.004555709 0.366671622 0.596151471
0.367408693 0.047037788 -0.928869367 -0.901746631 -0.013249250 0.998883605 0.045342639 0.049081579 0.929965198 -0.004352454 0.367621720 0.613355339
0.368530214 0.047494091 -0.928401768 -0.945651114 -0.011673914 0.998851717 0.046464115 0.050820358 0.929542482 -0.006285348 0.368661463 0.631193459
0.370256305 0.046541441 -0.927762985 -0.992016792 -0.008982093 0.998876750 0.046524264 0.053359970 0.928886235 -0.008892647 0.370258451 0.649320066
0.372018695 0.045366477 -0.927116036 -1.037965775 -0.006071611 0.998902500 0.046442881 0.055409383 0.928205431 -0.011648536 0.371885836 0.667958736
0.373423219 0.045307055 -0.926554024 -1.086137891 -0.005169678 0.998892725 0.046760801 0.057604194 0.927646637 -0.012671584 0.373243988 0.686708927
0.374721467 0.047067404 -0.925941885 -1.134231210 -0.004537434 0.998791695 0.048934232 0.060143881 0.927126288 -0.014135305 0.374482214 0.706183136
0.375321090 0.050494641 -0.925518453 -1.183880210 -0.002457948 0.998565733 0.053483214 0.062404923 0.926891625 -0.017798500 0.374906898 0.726293445
0.376235962 0.054165080 -0.924939334 -1.233005524 -0.001214558 0.998317719 0.057968128 0.064766198 0.926523149 -0.020686312 0.375668824 0.746307909
0.376422286 0.054480616 -0.924845040 -1.281829596 -0.000499052 0.998281240 0.058603473 0.067192554 0.926448166 -0.021598112 0.375802517 0.765981972
0.375989437 0.052088566 -0.925158799 -1.330774307 -0.001118481 0.998443544 0.055760115 0.069606423 0.926623285 -0.019930445 0.375462472 0.785284877
0.374690235 0.047600243 -0.925927401 -1.380052686 0.000219669 0.998676598 0.051429044 0.071720615 0.927150071 -0.019473357 0.374183893 0.805115402
0.373084605 0.046105951 -0.926651061 -1.428942323 0.002683012 0.998706698 0.050771337 0.073879607 0.927793443 -0.021428224 0.372478426 0.824431539
0.370284736 0.049468614 -0.927600205 -1.478317976 0.005028418 0.998459637 0.055254798 0.076455250 0.928904712 -0.025124371 0.369465590 0.844964385
0.366633832 0.054792810 -0.928750455 -1.527909517 0.007117867 0.998069823 0.061692249 0.078454554 0.930338144 -0.029229186 0.365536153 0.865075827
0.364947617 0.057729200 -0.929236531 -1.577212095 0.009212443 0.997803032 0.065607004 0.081113651 0.930982471 -0.032503661 0.363614023 0.883451700
0.362570941 0.056451604 -0.930244923 -1.626082301 0.011634513 0.997811794 0.065086536 0.084272027 0.931883633 -0.034421436 0.361120760 0.902166247
0.360024154 0.055144861 -0.931311786 -1.675787330 0.011598102 0.997909844 0.063571833 0.086649336 0.932870865 -0.033688847 0.358632088 0.921158195
0.357245803 0.053189009 -0.932494700 -1.724711418 0.010158433 0.998096883 0.060822699 0.089000307 0.933955193 -0.031201340 0.356025636 0.939452291
0.355376124 0.051762741 -0.933289111 -1.773962021 0.008658140 0.998240352 0.058661949 0.091942862 0.934683383 -0.028927607 0.354302645 0.957718015
0.353827894 0.051095128 -0.933913946 -1.822729111 0.009677068 0.998253286 0.058281496 0.094111279 0.935260594 -0.029659171 0.352715373 0.975557089
0.352412224 0.052120000 -0.934392393 -1.871868134 0.003981047 0.998355389 0.057189308 0.096042283 0.935836434 -0.023874069 0.351625144 0.993639827
0.351246417 0.050553262 -0.934917271 -1.921026111 -0.000488775 0.998551071 0.053810466 0.098207042 0.936282933 -0.018443769 0.350762188 1.010995746
0.350823939 0.048523035 -0.935183465 -1.969372749 -0.002537483 0.998702228 0.050866868 0.100038975 0.936438024 -0.015472300 0.350491762 1.028756976
0.351951063 0.048862021 -0.934742212 -2.016513348 -0.004578783 0.998714447 0.050482050 0.101805687 0.936007261 -0.013487230 0.351722360 1.045643568
0.353253782 0.048685219 -0.934259951 -2.066200018 -0.004701447 0.998724759 0.050266884 0.104027458 0.935515821 -0.013364597 0.353032231 1.064215064
0.354990959 0.047624741 -0.933655918 -2.114602566 -0.003469122 0.998761833 0.049626708 0.106292009 0.934863329 -0.014378067 0.354716599 1.081945777
0.356804192 0.048810907 -0.932903171 -2.161263227 -0.003280023 0.998693347 0.050998650 0.107830033 0.934173465 -0.015136586 0.356498063 1.100414038
0.359289944 0.048519026 -0.931963861 -2.208466053 -0.000597899 0.998659313 0.051760763 0.109973833 0.933225811 -0.018039903 0.358837247 1.117807508
0.360200107 0.048607990 -0.931607842 -2.255603313 0.004114445 0.998549104 0.053691573 0.111791253 0.932865977 -0.023172759 0.359477460 1.137069583
0.362013340 0.046698172 -0.931002498 -2.302165985 0.009365550 0.998511791 0.053726099 0.113889158 0.932125866 -0.028168915 0.361037254 1.155919909
0.363776445 0.045658536 -0.930366635 -2.348005056 0.008271015 0.998600245 0.052241158 0.115625456 0.931449592 -0.026699182 0.362889647 1.173363566
0.365911543 0.044960327 -0.929562986 -2.393719673 0.009350999 0.998604298 0.051980574 0.116941825 0.930602670 -0.027712636 0.364980400 1.190581918
0.366399229 0.043280844 -0.929450631 -2.439274311 0.013200365 0.998575211 0.051703434 0.120267622 0.930364192 -0.031213189 0.365305901 1.209170103
0.366727591 0.046279512 -0.929176569 -2.485795259 0.015443199 0.998321474 0.055818539 0.121608593 0.930200219 -0.034819655 0.365397334 1.227433085
0.366218030 0.050622333 -0.929151118 -2.531613350 0.013879787 0.998110890 0.059850041 0.123873763 0.930425584 -0.034814585 0.364823580 1.245015860
0.364616036 0.053794414 -0.929602802 -2.577195883 0.011113843 0.998007298 0.062112018 0.125602767 0.931091666 -0.032978497 0.363291621 1.262505531
0.362325728 0.052647617 -0.930563450 -2.623240948 0.010326277 0.998115361 0.060490102 0.127970517 0.931994379 -0.031526379 0.361099243 1.280022383
0.359492123 0.050095480 -0.931802511 -2.667554617 0.009456990 0.998311102 0.057319645 0.130052775 0.933100283 -0.029418012 0.358411193 1.296983004
0.356253922 0.047571201 -0.933177471 -2.713336229 0.008753069 0.998489439 0.054242264 0.132362619 0.934348226 -0.027492186 0.355299354 1.314084291
0.352139771 0.046405736 -0.934796274 -2.759071827 0.007459358 0.998599231 0.052383035 0.134297565 0.935917675 -0.025419131 0.351300359 1.330505848
0.347740769 0.046727169 -0.936425626 -2.803624868 0.005535092 0.998637617 0.051886972 0.135829508 0.937574387 -0.023226419 0.347008407 1.346317291
0.342909694 0.047767431 -0.938153028 -2.848933697 0.004398319 0.998613656 0.052453525 0.137599707 0.939358056 -0.022113118 0.342224181 1.362807989
