1.000000000 0.000000000 0.000000000 0.000000000 0.000000000 1.000000000 0.000000000 0.000000000 0.000000000 0.000000000 1.000000000 0.000000000
0.999988556 -0.002540072 -0.004048669 0.005017956 0.002530639 0.999994099 -0.002333493 0.000704615 0.004054572 0.002323220 0.999989092 0.134343714
0.999965787 -0.001371609 -0.008158722 0.005168763 0.001335883 0.999989510 -0.004382721 0.002665848 0.008164648 0.004371672 0.999957085 0.268953234
0.999940932 -0.001189395 -0.010804346 -0.002759695 0.001129550 0.999984026 -0.005543375 0.002037317 0.010810766 0.005530844 0.999926269 0.401462287
0.999871969 -0.000089625 -0.015999623 -0.003208827 -0.000007646 0.999981523 -0.006079422 0.001620100 0.015999872 0.006078767 0.999853492 0.544135392
0.999778032 -0.001107788 -0.021040643 -0.002653601 0.000968118 0.999977410 -0.006647135 0.001665049 0.021047531 0.006625290 0.999756515 0.692878067
0.999689519 0.001023661 -0.024895869 -0.008271099 -0.001228345 0.999965549 -0.008207715 0.002021305 0.024886610 0.008235748 0.999656379 0.835565269
0.999531269 0.003671705 -0.030393261 -0.009661633 -0.003951046 0.999950469 -0.009135935 0.002285409 0.030358212 0.009251738 0.999496281 0.987321138
0.999396920 0.004289277 -0.034458809 -0.015620691 -0.004530876 0.999965668 -0.006936211 0.000259699 0.034427874 0.007088156 0.999382019 1.141111255
0.999229491 0.002741458 -0.039152943 -0.018232562 -0.002910794 0.999986649 -0.004268621 0.000159835 0.039140720 0.004379298 0.999224126 1.299620628
0.999063373 0.002946222 -0.043170821 -0.022210514 -0.003041047 0.999993086 -0.002131002 0.000892030 0.043164246 0.002260290 0.999065459 1.458106756
0.998963356 0.004375597 -0.045310989 -0.031725056 -0.004488129 0.999987066 -0.002382109 -0.001065651 0.045299981 0.002583002 0.998970091 1.613484502
0.998830557 0.003389721 -0.048228305 -0.034087177 -0.003528743 0.999989867 -0.002797721 -0.000476388 0.048218332 0.002964635 0.998832405 1.777375221
0.998767436 0.000920830 -0.049625665 -0.039934464 -0.001107670 0.999992430 -0.003737603 -0.000383894 0.049621843 0.003787965 0.998760879 1.935984492
0.998664618 0.000498530 -0.051659770 -0.050150983 -0.000624222 0.999996901 -0.002416970 -0.002363736 0.051658403 0.002445989 0.998661816 2.099702358
0.998573422 -0.000663074 -0.053391982 -0.055322289 0.000485792 0.999994338 -0.003333301 -0.000884045 0.053393889 0.003302608 0.998568058 2.264064312
0.998464346 0.001134449 -0.055386599 -0.062650397 -0.001418508 0.999986053 -0.005089613 -0.003582532 0.055380054 0.005160363 0.998452008 2.426413536
0.998428226 0.001632642 -0.056021418 -0.074590363 -0.002066449 0.999968350 -0.007686536 -0.004354053 0.056007095 0.007790220 0.998399973 2.597479582
0.998304009 0.005341963 -0.057969932 -0.082018748 -0.005895417 0.999938607 -0.009380444 -0.004633518 0.057916265 0.009706292 0.998274267 2.768065929
0.998171985 0.005999960 -0.060138740 -0.086576715 -0.006570478 0.999935210 -0.009293450 -0.005735936 0.060079083 0.009671602 0.998146772 2.938662291
0.998158395 0.005887686 -0.060375549 -0.102908701 -0.006347158 0.999952316 -0.007421274 -0.008016526 0.060328975 0.007790820 0.998148143 3.112996578
0.998028755 0.006330387 -0.062438596 -0.108915173 -0.006729705 0.999958217 -0.006187137 -0.008546696 0.062396821 0.006595133 0.998029649 3.292430878
0.997990072 0.005879422 -0.063096710 -0.119883381 -0.006286292 0.999960721 -0.006251773 -0.009804532 0.063057475 0.006635852 0.997987807 3.466952085
0.997913480 0.005308503 -0.064346977 -0.133049160 -0.005759660 0.999960124 -0.006827847 -0.011749674 0.064308167 0.007184218 0.997904241 3.642044544
0.997853160 0.003905379 -0.065374330 -0.140884906 -0.004445514 0.999957144 -0.008118766 -0.011795066 0.065339819 0.008391960 0.997827768 3.822313070
0.997766435 0.003776077 -0.066692874 -0.149017140 -0.004199927 0.999971867 -0.006216190 -0.014393184 0.066667520 0.006482411 0.997754216 4.006435394
0.997815132 0.004568712 -0.065909371 -0.165106237 -0.004742546 0.999985695 -0.002481259 -0.016185928 0.065897092 0.002788416 0.997822523 4.186514854
0.997811913 0.005454934 -0.065890819 -0.172246635 -0.005377976 0.999984622 0.001345286 -0.017115010 0.065897144 -0.000987983 0.997825921 4.373148918
0.997924268 0.004783368 -0.064220190 -0.182023555 -0.004535863 0.999981701 0.003999261 -0.017829170 0.064238146 -0.003699666 0.997927725 4.556596279
0.998059154 0.004532195 -0.062107414 -0.196297288 -0.004235088 0.999978960 0.004914566 -0.017391054 0.062128380 -0.004641998 0.998057365 4.732320309
0.998130798 0.004800332 -0.060924891 -0.204329595 -0.004701595 0.999987364 0.001763879 -0.017022815 0.060932592 -0.001474137 0.998140812 4.920846939
0.998170316 0.005477517 -0.060216773 -0.212787703 -0.005640263 0.999980867 -0.002533016 -0.018756682 0.060201749 0.002868020 0.998182118 5.100083351
0.998272061 0.004813817 -0.058564011 -0.225544572 -0.005155663 0.999970555 -0.005687425 -0.018353267 0.058534905 0.005979533 0.998267472 5.285614491
0.998326480 0.002314026 -0.057783492 -0.233380049 -0.002592026 0.999985397 -0.004736575 -0.019425422 0.057771686 0.004878425 0.998317897 5.480541229
0.998271286 0.000190884 -0.058773845 -0.237328127 -0.000184675 1.000000000 0.000111068 -0.020675680 0.058773864 -0.000100022 0.998271346 5.670159817
0.998271704 -0.002872454 -0.058697399 -0.252745420 0.003086340 0.999988914 0.003553552 -0.020918407 0.058686540 -0.003728570 0.998269498 5.856959343
0.998098493 -0.010757435 -0.060692858 -0.254465193 0.010933188 0.999936938 0.002564424 -0.020852281 0.060661443 -0.003223114 0.998153210 6.054862976
0.998011112 -0.011997361 -0.061885823 -0.266549587 0.011932977 0.999927819 -0.001409872 -0.021186303 0.061898272 0.000668585 0.998082221 6.250868797
0.997916639 -0.011666094 -0.063453168 -0.275413454 0.011306442 0.999917924 -0.006024125 -0.020083122 0.063518241 0.005294145 0.997966647 6.445327759
0.997722387 -0.009714561 -0.066750646 -0.280789167 0.009279631 0.999933660 -0.006822705 -0.021620030 0.066812500 0.006187744 0.997746348 6.644279003
0.997738481 -0.009569080 -0.066531271 -0.298708409 0.009261958 0.999944985 -0.004923115 -0.024996445 0.066574723 0.004295771 0.997772217 6.836779594
0.997656524 -0.006107599 -0.068148024 -0.308272272 0.005963881 0.999979556 -0.002312169 -0.027028220 0.068160750 0.001900324 0.997672558 7.037964821
0.997503996 -0.005747591 -0.070375539 -0.316146255 0.005719712 0.999983490 -0.000597654 -0.030163603 0.070377812 0.000193634 0.997520387 7.234359741
0.997531772 -0.005077323 -0.070032336 -0.336025417 0.005228857 0.999984384 0.001980611 -0.029402064 0.070021182 -0.002341912 0.997542739 7.424319744
0.997500896 -0.004772355 -0.070492193 -0.344773948 0.005116236 0.999975860 0.004698535 -0.029824758 0.070468068 -0.005047448 0.997501254 7.621649742
0.997485638 0.000807477 -0.070864342 -0.359948754 -0.000301921 0.999974430 0.007144568 -0.029687703 0.070868298 -0.007105209 0.997460365 7.814003944
0.997515321 0.001356020 -0.070436507 -0.378291249 -0.000904070 0.999978781 0.006447901 -0.030164072 0.070443757 -0.006368201 0.997495413 8.013860703
0.997518003 0.001930529 -0.070385143 -0.388820201 -0.001611654 0.999988198 0.004586939 -0.029252231 0.070393167 -0.004462118 0.997509360 8.207112312
0.997449338 0.004190888 -0.071254842 -0.399260491 -0.004053184 0.999989629 0.002077026 -0.029531462 0.071262807 -0.001782919 0.997455955 8.402232170
0.997426212 0.003043341 -0.071635850 -0.415339142 -0.002865779 0.999992549 0.002581325 -0.030151466 0.071643166 -0.002369388 0.997427523 8.596053123
0.997280180 0.001356245 -0.073691539 -0.423046857 -0.001093774 0.999992907 0.003601985 -0.030791495 0.073695906 -0.003511586 0.997274578 8.795400620
0.997223496 0.001521357 -0.074451499 -0.435202211 -0.001183589 0.999988794 0.004580654 -0.031598877 0.074457631 -0.004479816 0.997214139 8.979504585
0.997183859 0.004562978 -0.074856773 -0.447293490 -0.004540572 0.999989569 0.000469508 -0.031115264 0.074858136 -0.000128294 0.997194171 9.169321060
0.997170985 0.004962747 -0.075002261 -0.465568930 -0.005197625 0.999982178 -0.002936745 -0.033862323 0.074986354 0.003318271 0.997179031 9.357460022
0.997076094 0.005630951 -0.076207377 -0.472911537 -0.005999566 0.999971390 -0.004608919 -0.034071989 0.076179244 0.005052654 0.997081339 9.548820496
0.997004092 0.003647663 -0.077262528 -0.482528925 -0.003711077 0.999992907 -0.000677202 -0.036134407 0.077259511 0.000961901 0.997010529 9.739981651
0.997076690 0.002106203 -0.076378003 -0.501227379 -0.001902499 0.999994457 0.002739704 -0.038256172 0.076383352 -0.002586386 0.997075140 9.925727844
0.996991456 -0.000236807 -0.077511497 -0.509198725 0.000465088 0.999995589 0.002927080 -0.038329802 0.077510461 -0.002954324 0.996987164 10.117199898
0.996935248 -0.003038201 -0.078172050 -0.520346880 0.003176179 0.999993622 0.001640779 -0.040275466 0.078166567 -0.001884038 0.996938527 10.304755211
0.996991634 -0.005509137 -0.077313021 -0.538134694 0.005593988 0.999983966 0.000880966 -0.042091813 0.077306926 -0.001310804 0.997006476 10.486452103
0.996893227 -0.007618388 -0.078395166 -0.549281657 0.007777763 0.999968231 0.001727820 -0.041686520 0.078379512 -0.002332191 0.996920884 10.675578117
0.996731043 -0.010467914 -0.080110356 -0.558779061 0.010934396 0.999925733 0.005386511 -0.040899325 0.080048017 -0.006244861 0.996771455 10.858383179
0.996698618 -0.010960652 -0.080447301 -0.571114540 0.011851922 0.999873459 0.010609793 -0.041396298 0.080320828 -0.011528221 0.996702373 11.032340050
0.996699870 -0.009577968 -0.080607958 -0.590956926 0.010672663 0.999856412 0.013160601 -0.041070465 0.080470331 -0.013977471 0.996658981 11.221046448
0.996568561 -0.008485803 -0.082335502 -0.602414131 0.009226403 0.999920309 0.008618586 -0.039660566 0.082255803 -0.009348672 0.996567428 11.406187057
0.996424317 -0.007098540 -0.084191158 -0.614463925 0.007190559 0.999973834 0.000789799 -0.039191306 0.084183343 -0.001392356 0.996449292 11.586884499
0.996422529 -0.005216947 -0.084349759 -0.633523166 0.004946511 0.999981940 -0.003414793 -0.041489702 0.084366053 0.002985339 0.996430337 11.758354187
0.996293664 -0.001085986 -0.086010173 -0.645856559 0.000867639 0.999996305 -0.002575966 -0.041982181 0.086012647 0.002491793 0.996290922 11.942147255
0.996170938 0.001167506 -0.087419204 -0.658680439 -0.001220609 0.999999106 -0.000554002 -0.043599144 0.087418474 0.000658585 0.996171474 12.122406006
0.996150076 0.004603876 -0.087543085 -0.677978158 -0.004475912 0.999988616 0.001657961 -0.047902174 0.087549716 -0.001259743 0.996159375 12.276579857
0.996009469 0.004910438 -0.089112416 -0.689819455 -0.004812351 0.999987543 0.001315521 -0.048622537 0.089117765 -0.000881431 0.996020734 12.450740814
0.995848715 0.007275351 -0.090732470 -0.704343438 -0.007124546 0.999972641 0.001985867 -0.049204458 0.090744436 -0.001331196 0.995873332 12.614055634
0.995769262 0.008037092 -0.091536961 -0.721783936 -0.007804054 0.999965310 0.002903485 -0.052096453 0.091557123 -0.002176842 0.995797455 12.770583153
0.995594621 0.007638717 -0.093450695 -0.732999325 -0.007353516 0.999967217 0.003395853 -0.053288609 0.093473569 -0.002693702 0.995618105 12.933766365
0.995514274 0.007859267 -0.094284452 -0.749373496 -0.007485595 0.999962687 0.004316262 -0.053818278 0.094314858 -0.003591126 0.995535970 13.085463524
0.995292783 0.010534158 -0.096339434 -0.760698438 -0.009932733 0.999928117 0.006720225 -0.053688627 0.096403301 -0.005731678 0.995325863 13.247106552
0.995203197 0.012142226 -0.097072966 -0.776273072 -0.011101791 0.999875069 0.011251034 -0.055340730 0.097197451 -0.010119381 0.995213687 13.394920349
0.994965494 0.015117070 -0.099071167 -0.788785994 -0.013909816 0.999820471 0.012865191 -0.055260699 0.099247865 -0.011422360 0.994997203 13.545660973
0.994793713 0.018053895 -0.100297421 -0.803831160 -0.017252600 0.999812007 0.008850915 -0.055530757 0.100438356 -0.007074444 0.994918108 13.687313080
0.994608581 0.017795529 -0.102161944 -0.814742684 -0.017744651 0.999841571 0.001406867 -0.055958528 0.102170788 0.000413545 0.994766772 13.832333565
0.994450986 0.017144866 -0.103794694 -0.826525331 -0.017711855 0.999832809 -0.004543320 -0.056860078 0.103699446 0.006356506 0.994588375 13.964023590
0.994497478 0.018318702 -0.103146568 -0.846838355 -0.019034835 0.999801040 -0.005962768 -0.055855300 0.103016816 0.007893336 0.994648278 14.093962669
0.994290054 0.020897169 -0.104645118 -0.855646014 -0.021235313 0.999772251 -0.002118125 -0.058725309 0.104577020 0.004328202 0.994507372 14.228424072
0.994139969 0.021091193 -0.106022812 -0.866240144 -0.021160914 0.999775946 0.000467425 -0.062412694 0.106008925 0.001778854 0.994363606 14.351340294
0.994183421 0.017932542 -0.106196918 -0.880562365 -0.018328708 0.999828219 -0.002755583 -0.064199775 0.106129259 0.004686007 0.994341314 14.464575768
0.994323254 0.009876191 -0.105942354 -0.895617008 -0.010821532 0.999906540 -0.008352024 -0.064767048 0.105849966 0.009451071 0.994337201 14.587126732
0.994544983 0.006059634 -0.104132451 -0.906316280 -0.007500689 0.999881387 -0.013452657 -0.065817639 0.104038574 0.014160338 0.994472444 14.703186035
0.994766414 0.008194871 -0.101846047 -0.911763668 -0.009585211 0.999867320 -0.013169502 -0.069088668 0.101724610 0.014076794 0.994713008 14.811004639
0.995104134 0.013273366 -0.097936369 -0.921987712 -0.014324493 0.999846995 -0.010037410 -0.071891941 0.097788155 0.011391157 0.995142043 14.919284821
0.995600522 0.012140753 -0.092909507 -0.935610473 -0.012875058 0.999890387 -0.007308105 -0.072413161 0.092810601 0.008472168 0.995647728 15.028536797
0.996162236 0.008529245 -0.087109648 -0.940809131 -0.008809162 0.999957204 -0.002829474 -0.075316846 0.087081783 0.003585978 0.996194720 15.134590149
0.996859014 0.003784967 -0.079105988 -0.944208264 -0.003738126 0.999992728 0.000740208 -0.077874206 0.079108216 -0.000442175 0.996865928 15.235364914
0.997594416 0.007492501 -0.068914734 -0.946267247 -0.007504577 0.999971807 0.000083666 -0.076736815 0.068913423 0.000433711 0.997622550 15.331828117
0.998476207 0.012853947 -0.053666431 -0.955022454 -0.012877111 0.999917090 -0.000085842 -0.078906760 0.053660877 0.000776780 0.998558939 15.427744865
0.999199212 0.018172530 -0.035646398 -0.955034137 -0.018168582 0.999834836 0.000434717 -0.079670876 0.035648409 0.000213276 0.999364376 15.524517059
0.999770999 0.016652340 -0.013439115 -0.953019917 -0.016644144 0.999861240 0.000721548 -0.079354592 0.013449265 -0.000497700 0.999909401 15.613247871
0.999835014 0.013233875 0.012441521 -0.945804238 -0.013255528 0.999910772 0.001659530 -0.080716841 -0.012418448 -0.001824175 0.999921203 15.700025558
0.999028444 0.012653901 0.042213753 -0.940375447 -0.012804415 0.999912560 0.003297049 -0.081497416 -0.042168342 -0.003834368 0.999103189 15.787510872
0.997074306 0.012087082 0.075476490 -0.927942693 -0.012472724 0.999911427 0.004640132 -0.082218014 -0.075413719 -0.005567953 0.997136772 15.876448631
0.993444622 0.012587293 0.113619536 -0.915453553 -0.013298471 0.999896407 0.005503506 -0.083961569 -0.113538496 -0.006978394 0.993509114 15.957525253
0.987953961 0.013318705 0.154173896 -0.896426737 -0.014233335 0.999887049 0.004830125 -0.082401790 -0.154092148 -0.006966350 0.988031924 16.033052444
0.979816675 0.013409714 0.199447885 -0.878020644 -0.014583422 0.999883890 0.004416803 -0.082615390 -0.199365497 -0.007236290 0.979898453 16.109792709
0.968466043 0.016070964 0.248626620 -0.852290332 -0.017119564 0.999851346 0.002055863 -0.083400168 -0.248556614 -0.006247413 0.968597233 16.186952591
0.953445673 0.017366268 0.301064461 -0.825471163 -0.018052267 0.999836922 -0.000503481 -0.085315764 -0.301024109 -0.004954854 0.953603625 16.252027512
0.933921754 0.017471328 0.357050359 -0.792763829 -0.017951531 0.999836922 -0.001969340 -0.088201366 -0.357026517 -0.004570391 0.934083045 16.319772720
0.910007954 0.018454121 0.414179802 -0.755095184 -0.018165747 0.999824226 -0.004635434 -0.087663479 -0.414192557 -0.003305604 0.910183311 16.386754990
0.880834162 0.018954895 0.473045409 -0.714840531 -0.017538324 0.999818742 -0.007405431 -0.088011317 -0.473100036 -0.001773466 0.881006956 16.451778412
0.846928239 0.017747123 0.531410992 -0.670454979 -0.014816632 0.999842405 -0.009777183 -0.089002892 -0.531500757 0.000406851 0.847057700 16.511644363
0.810443938 0.017370664 0.585558653 -0.621419668 -0.014009456 0.999849141 -0.010270815 -0.092669860 -0.585648715 0.000120561 0.810564995 16.564832687
0.770974040 0.016546747 0.636651635 -0.566653967 -0.013434316 0.999862552 -0.009717975 -0.093924813 -0.636724889 -0.001060672 0.771090329 16.618015289
0.728058219 0.016643448 0.685313284 -0.513058662 -0.014340541 0.999856234 -0.009047405 -0.092952378 -0.685365319 -0.003240723 0.728192210 16.664815903
0.679536939 0.016136566 0.733463824 -0.458277225 -0.014802469 0.999856114 -0.008283190 -0.096175909 -0.733491957 -0.005228342 0.679678023 16.719482422
0.631738186 0.015396100 0.775028944 -0.395919323 -0.011419824 0.999879062 -0.010554314 -0.096098155 -0.775097728 -0.002183131 0.631837606 16.762260437
0.585559964 0.012876424 0.810526848 -0.330481052 -0.005593367 0.999914229 -0.011844232 -0.097548962 -0.810609818 0.002401933 0.585581720 16.794900894
0.539439797 0.015476383 0.841881931 -0.265351772 -0.007885430 0.999880075 -0.013328250 -0.098555699 -0.841987252 0.000551188 0.539497137 16.826242447
0.490715086 0.017031319 0.871153653 -0.205676079 -0.011989232 0.999846280 -0.012793845 -0.104012392 -0.871237636 -0.004166329 0.490843892 16.858375549
0.445560634 0.019248400 0.895044863 -0.134652138 -0.012353138 0.999805868 -0.015351845 -0.104817733 -0.895166576 -0.004216432 0.445711911 16.884944916
0.401843727 0.016576493 0.915558219 -0.069398880 -0.005848735 0.999862194 -0.015535803 -0.107542619 -0.915689588 0.000888108 0.401885331 16.906909943
0.362066507 0.010154068 0.932097018 0.003826141 0.009031513 0.999855518 -0.014400445 -0.106212683 -0.932108581 0.013632165 0.361922503 16.925943375
0.327458918 0.006235765 0.944844961 0.073876381 0.013928488 0.999837697 -0.011425963 -0.107537389 -0.944762826 0.016901793 0.327318907 16.939893723
0.293670058 0.010765729 0.955846190 0.148940086 0.010611336 0.999838233 -0.014521393 -0.108615711 -0.955847919 0.014407303 0.293508291 16.960544586
0.262102187 0.018223435 0.964868128 0.222963333 0.000099383 0.999821186 -0.018910591 -0.110995211 -0.965040207 0.005052400 0.262053549 16.980489731
0.233503997 0.022844667 0.972087502 0.298852921 -0.005104516 0.999738991 -0.022268346 -0.114206515 -0.972342491 0.000237711 0.233559668 16.997022629
0.208363771 0.024135338 0.977753580 0.375291824 -0.003054646 0.999706686 -0.024026278 -0.116892718 -0.978046656 0.002019514 0.208376348 17.008090973
0.185386896 0.025424788 0.982336700 0.456839561 0.004375836 0.999633968 -0.026698286 -0.119075537 -0.982655942 0.009248060 0.185207784 17.016008377
0.165360451 0.031886976 0.985717654 0.537686348 0.011280709 0.999350667 -0.034220405 -0.118752956 -0.986168742 0.016778296 0.164893389 17.022853851
0.145258069 0.039001353 0.988624811 0.623535156 0.014075741 0.999040186 -0.041480381 -0.117762625 -0.989293635 0.019940985 0.144569695 17.035161972
0.128080845 0.039835420 0.990963459 0.713540077 0.011603625 0.999064445 -0.041660827 -0.120428175 -0.991695940 0.016834725 0.127498746 17.044454575
0.111918688 0.035632700 0.993078351 0.799658775 0.010075877 0.999264836 -0.036990218 -0.123464465 -0.993666351 0.014146033 0.111477375 17.053789139
0.097685456 0.031845748 0.994707823 0.892777443 0.009224794 0.999415994 -0.032902408 -0.129524827 -0.995174706 0.012390064 0.097334623 17.061073303
0.084300518 0.029381445 0.996007204 0.990027428 0.011774255 0.999466002 -0.030480037 -0.132448912 -0.996370912 0.014296727 0.083909571 17.065980911
0.072559297 0.028602503 0.996954024 1.090299606 0.015192199 0.999441028 -0.029779565 -0.135906011 -0.997248530 0.017306710 0.072084248 17.070652008
0.062641561 0.030042738 0.997583985 1.189838409 0.018801130 0.999333918 -0.031276032 -0.136602730 -0.997859120 0.020714888 0.062035024 17.072532654
0.055091560 0.030268826 0.998022377 1.283305168 0.021488544 0.999272943 -0.031492934 -0.139867663 -0.998250008 0.023181044 0.054401100 17.075189590
0.049195766 0.030632572 0.998319387 1.392949104 0.023227589 0.999224186 -0.031804964 -0.142777324 -0.998519123 0.024753224 0.048446059 17.078138351
0.044133127 0.032245815 0.998505116 1.504581451 0.024361067 0.999146998 -0.033343285 -0.144782215 -0.998728633 0.025796194 0.043309927 17.079481125
0.037831664 0.032093886 0.998768628 1.614892006 0.023981202 0.999167085 -0.033015057 -0.151203275 -0.998996377 0.025200687 0.037030518 17.083900452
0.033253670 0.032350808 0.998923302 1.737425804 0.026689624 0.999090791 -0.033244722 -0.153953522 -0.999090552 0.027766395 0.032360017 17.085283279
0.030889630 0.032213300 0.999003589 1.856393814 0.028531402 0.999044836 -0.033096835 -0.158240050 -0.999115527 0.029525325 0.029941022 17.085733414
0.027774572 0.031869691 0.999106169 1.984287262 0.029975461 0.999015629 -0.032700107 -0.161640584 -0.999164760 0.030856900 0.026791930 17.086879730
0.025737822 0.031281173 0.999179184 2.106695175 0.031753033 0.998980403 -0.032092873 -0.164659709 -0.999164283 0.032552969 0.024718285 17.087022781
0.024803162 0.031008415 0.999211311 2.232221603 0.036176883 0.998836279 -0.031894784 -0.168529660 -0.999037564 0.036939442 0.023652494 17.089616776
0.026792824 0.030633140 0.999171555 2.368376732 0.040438499 0.998678982 -0.031702399 -0.172573835 -0.998822749 0.041254397 0.025518656 17.086570740
0.028473318 0.030814758 0.999119461 2.497069359 0.041069642 0.998644650 -0.031970534 -0.175443649 -0.998750508 0.041943789 0.027169168 17.090194702
0.032219172 0.030700604 0.999009252 2.636491776 0.043375436 0.998543501 -0.032085199 -0.180017024 -0.998539209 0.044366222 0.030840635 17.096189499
0.036782146 0.030287022 0.998864293 2.778183937 0.044087064 0.998518288 -0.031899992 -0.184048921 -0.998350382 0.045210343 0.035392344 17.098117828
0.040610075 0.028890375 0.998757422 2.921968460 0.045381624 0.998497009 -0.030728094 -0.186938524 -0.998144031 0.046573102 0.039237976 17.103025436
0.044403493 0.027059119 0.998647273 3.068697929 0.045417476 0.998544872 -0.029075777 -0.192247510 -0.997980893 0.046647102 0.043109894 17.111164093
0.049077809 0.025098158 0.998479545 3.223667145 0.042745691 0.998715520 -0.027205149 -0.195708930 -0.997879863 0.044015869 0.047941983 17.114477158
0.053478658 0.023996705 0.998280644 3.374984741 0.041479383 0.998794973 -0.026231153 -0.200179815 -0.997707129 0.042810872 0.052418828 17.119218826
0.056886077 0.024664788 0.998076081 3.527088165 0.038798802 0.998884976 -0.026896153 -0.204936713 -0.997626603 0.040254172 0.055865705 17.133127213
0.060823798 0.029078366 0.997725010 3.687552452 0.036958922 0.998824477 -0.031363528 -0.208779156 -0.997464180 0.038782489 0.059677601 17.138542175
0.062255025 0.034361199 0.997468591 3.850373268 0.030344620 0.998879969 -0.036303718 -0.214682728 -0.997598886 0.032527894 0.061142623 17.148473740
0.060927868 0.036995545 0.997456431 3.992723465 0.027667128 0.998866320 -0.038737841 -0.221204251 -0.997758746 0.029956969 0.059835196 17.162986755
0.061369181 0.036372025 0.997452319 4.152743340 0.026174042 0.998933494 -0.038036425 -0.227600187 -0.997771978 0.028441625 0.060351729 17.173130035
0.061872840 0.034133255 0.997500300 4.313871384 0.023632631 0.999084771 -0.035653360 -0.235839874 -0.997804284 0.025779532 0.061009586 17.179470062
0.061584592 0.033463765 0.997540832 4.469820976 0.024105171 0.999096394 -0.035004120 -0.240317971 -0.997810841 0.026201606 0.060722291 17.188056946
0.062079966 0.032293450 0.997548640 4.623399734 0.020472167 0.999224961 -0.033621751 -0.249776468 -0.997861207 0.022509219 0.061370730 17.195178986
0.061366081 0.032798421 0.997576296 4.788628578 0.019219594 0.999235809 -0.034035280 -0.255261153 -0.997930229 0.021261623 0.060688794 17.212368011
0.061525822 0.033495147 0.997543395 4.948550224 0.016233083 0.999270976 -0.034554370 -0.261117280 -0.997973561 0.018319193 0.060937226 17.220293045
0.060454488 0.034626070 0.997570276 5.106993675 0.013921103 0.999271691 -0.035528772 -0.267579317 -0.998073995 0.016035154 0.059928477 17.228404999
0.057735085 0.034665134 0.997730076 5.273486137 0.011189478 0.999311745 -0.035367589 -0.273501337 -0.998269379 0.013206031 0.057307422 17.239528656
0.053368747 0.033255894 0.998020947 5.429928780 0.009112927 0.999387443 -0.033788737 -0.279595375 -0.998533309 0.010898153 0.053032994 17.250291824
0.049067914 0.031090965 0.998311400 5.592697144 0.007466116 0.999476075 -0.031494204 -0.285241038 -0.998767555 0.008998864 0.048810065 17.254585266
0.042603552 0.029566776 0.998654604 5.753957748 0.004956766 0.999543428 -0.029804558 -0.290879875 -0.999079943 0.006219882 0.042437553 17.261545181
0.034862101 0.029111141 0.998968065 5.908978462 0.004563863 0.999560595 -0.029287679 -0.298091590 -0.999381721 0.005580185 0.034713924 17.268642426
0.025643289 0.030573277 0.999203622 6.069616318 0.004090058 0.999520659 -0.030687945 -0.303114593 -0.999662876 0.004873742 0.025505960 17.271322250
0.016363859 0.030853700 0.999389946 6.225359917 0.005029638 0.999508619 -0.030939717 -0.308827758 -0.999853492 0.005532863 0.016200662 17.270629883
0.006180108 0.029663682 0.999540865 6.379029274 0.006157033 0.999539852 -0.029701721 -0.314874679 -0.999961972 0.006337766 0.005994618 17.271343231
-0.004494071 0.029014528 0.999568999 6.539575577 0.005460523 0.999564767 -0.028989859 -0.320063055 -0.999975085 0.005327887 -0.004650593 17.267547607
-0.015796304 0.028239772 0.999476492 6.692199707 0.006861161 0.999580622 -0.028134281 -0.325719476 -0.999851823 0.006413153 -0.015983462 17.263628006
-0.026912928 0.028213028 0.999239624 6.839025497 0.006579068 0.999584973 -0.028045584 -0.331336260 -0.999616206 0.005819280 -0.027087331 17.260879517
-0.038229465 0.028973570 0.998848975 6.993703842 0.007076523 0.999562323 -0.028723424 -0.336667329 -0.999244034 0.005970299 -0.038417697 17.252473831
-0.049052238 0.029204573 0.998369336 7.140816689 0.005436339 0.999565423 -0.028972467 -0.344572335 -0.998781621 0.004006315 -0.049189687 17.243448257
-0.059420109 0.031039659 0.997750401 7.285448074 0.007534848 0.999501944 -0.030645417 -0.346184492 -0.998204648 0.005696942 -0.059624434 17.238523483
-0.068259835 0.031428657 0.997172475 7.435153961 0.008653637 0.999484718 -0.030909166 -0.352473408 -0.997630119 0.006519316 -0.068496585 17.223308563
-0.077294230 0.032621641 0.996474564 7.583771706 0.009365958 0.999444246 -0.031992365 -0.355128765 -0.996964395 0.006860117 -0.077556729 17.206857681
-0.087853551 0.032648075 0.995598316 7.722821236 0.009327623 0.999445915 -0.031951163 -0.361107826 -0.996089756 0.006479544 -0.088109374 17.198699951
-0.095746875 0.032506406 0.994875014 7.869764328 0.011069649 0.999439597 -0.031590212 -0.366179317 -0.995344341 0.007988256 -0.096053123 17.177711487
-0.102660775 0.031204194 0.994226933 8.013388634 0.013098273 0.999463618 -0.030016065 -0.372630060 -0.994630277 0.009941187 -0.103014350 17.157844543
-0.108579397 0.029895786 0.993638158 8.157129288 0.015322350 0.999479294 -0.028397186 -0.377132535 -0.993969679 0.012141521 -0.108980894 17.139432907
-0.112375975 0.028240982 0.993264496 8.290307045 0.018649563 0.999479890 -0.026307730 -0.381012738 -0.993490815 0.015567590 -0.112844229 17.129344940
-0.113373399 0.027268730 0.993178308 8.429889679 0.021028820 0.999465227 -0.025040865 -0.385775775 -0.993330061 0.018046401 -0.113886237 17.103063583
-0.114969492 0.026991639 0.993002415 8.563567162 0.021626800 0.999461830 -0.024663283 -0.388573080 -0.993133724 0.018639939 -0.115491390 17.083469391
-0.117635846 0.027081957 0.992687523 8.674680710 0.022272674 0.999448538 -0.024627049 -0.394142926 -0.992807090 0.019212782 -0.118174195 17.078027725
-0.116773605 0.028191209 0.992758334 8.803166389 0.023282833 0.999400020 -0.025641158 -0.397420526 -0.992885590 0.020120015 -0.117359996 17.064189911
-0.113523126 0.030003915 0.993082345 8.926026344 0.024006648 0.999334931 -0.027448537 -0.401460856 -0.993245423 0.020724535 -0.114167929 17.047754288
-0.109033823 0.030703411 0.993563771 9.042990685 0.023699246 0.999319077 -0.028280504 -0.405334413 -0.993755519 0.020463180 -0.109687209 17.037805557
-0.100322723 0.031068856 0.994469762 9.157109261 0.023872087 0.999299765 -0.028811522 -0.410885811 -0.994668543 0.020849619 -0.100994110 17.023366928
-0.090068817 0.030798839 0.995459259 9.273169518 0.021776656 0.999343634 -0.028948678 -0.416554838 -0.995697498 0.019070400 -0.090680361 17.016847610
-0.075966716 0.031392373 0.996616066 9.376053810 0.020944858 0.999333978 -0.029881472 -0.419818133 -0.996890366 0.018603986 -0.076573610 17.009721756
-0.059224248 0.032964621 0.997700393 9.483458519 0.019990871 0.999293327 -0.031830583 -0.423934430 -0.998044610 0.018059755 -0.059841394 17.005847931
-0.038384795 0.035387401 0.998636365 9.587426186 0.018379068 0.999228716 -0.034701958 -0.428717792 -0.999094129 0.017021980 -0.039005637 17.004875183
-0.013444424 0.038514838 0.999167740 9.685268402 0.016318521 0.999133289 -0.038293943 -0.432968795 -0.999776602 0.015790105 -0.014061332 17.003833771
0.014540255 0.040109940 0.999089479 9.783297539 0.014373128 0.999083459 -0.040318877 -0.438029885 -0.999790967 0.014946287 0.013950408 17.008991241
0.047558367 0.040243816 0.998057485 9.884431839 0.012333712 0.999088228 -0.040873095 -0.441071987 -0.998792410 0.014253614 0.047018647 17.017826080
0.085965693 0.036836799 0.995616913 9.974603653 0.010789422 0.999223232 -0.037901834 -0.448126942 -0.996239662 0.014000390 0.085501492 17.029272079
0.127695143 0.033454154 0.991249204 10.072551727 0.008835109 0.999352932 -0.034865815 -0.451701492 -0.991774201 0.013209993 0.127316952 17.045322418
0.172419012 0.028511673 0.984611034 10.167940140 0.005900831 0.999533176 -0.029977098 -0.457480311 -0.985006094 0.010978646 0.172170281 17.067413330
0.220149875 0.025710404 0.975127280 10.264057159 0.001733063 0.999640703 -0.026748000 -0.460623324 -0.975464642 0.007578528 0.220026255 17.094253540
0.271847606 0.022962555 0.962066412 10.351900101 -0.002278474 0.999727845 -0.023217639 -0.466588676 -0.962337732 0.004119619 0.271825910 17.124925613
0.326588869 0.022513891 0.944898307 10.439878464 -0.003844623 0.999739647 -0.022491751 -0.470897287 -0.945158660 0.003712777 0.326590419 17.161441803
0.383504510 0.023166895 0.923248470 10.524572372 -0.001811203 0.999702275 -0.024332991 -0.473661155 -0.923537314 0.007659623 0.383432329 17.204149246
0.443365395 0.026433593 0.895951152 10.607438087 -0.000952251 0.999578357 -0.029019723 -0.476472199 -0.896340489 0.012013173 0.443203628 17.249874115
0.500917673 0.029864905 0.864979565 10.681016922 -0.000147482 0.999407411 -0.034420852 -0.480225652 -0.865494967 0.017114444 0.500625253 17.304836273
0.555705547 0.032961182 0.830725551 10.737516403 -0.003941039 0.999306977 -0.037013765 -0.484598309 -0.831369877 0.017294833 0.555450320 17.365283966
0.611730456 0.036933798 0.790203631 10.803703308 -0.008387448 0.999156177 -0.040207073 -0.485158741 -0.791021824 0.017968100 0.611524045 17.425785065
0.665336847 0.037301853 0.745610893 10.869332314 -0.009346783 0.999088883 -0.041642513 -0.488317221 -0.746484876 0.020737235 0.665079236 17.490945816
0.714534402 0.035498522 0.698699236 10.924005508 -0.010133320 0.999132216 -0.040399522 -0.491223693 -0.699527025 0.021786707 0.714274049 17.557830811
0.760058165 0.032408055 0.649046540 10.977745056 -0.012360454 0.999296010 -0.035422083 -0.492839754 -0.649737537 0.018900335 0.759923637 17.632652283
0.802244484 0.026810901 0.596393347 11.026184082 -0.012421446 0.999524415 -0.028224856 -0.495442033 -0.596866429 0.015235170 0.802196026 17.708864212
0.839440048 0.023618734 0.542938888 11.069521904 -0.014421749 0.999671459 -0.021189826 -0.498306513 -0.543260992 0.009957459 0.839504838 17.788850784
0.871532321 0.020308331 0.489917308 11.110157013 -0.015467786 0.999783337 -0.013927362 -0.499801099 -0.490094036 0.004560209 0.871657610 17.873720169
0.898281455 0.018518452 0.439030111 11.144029617 -0.016826004 0.999828398 -0.007746136 -0.503427982 -0.439098239 -0.000428912 0.898438931 17.956447601
0.919102311 0.020150110 0.393503428 11.175016403 -0.020007465 0.999789834 -0.004464937 -0.504458010 -0.393510699 -0.003769271 0.919312298 18.043994904
0.935100377 0.025344709 0.353475541 11.203721046 -0.026403563 0.999649704 -0.001827138 -0.504623294 -0.353398025 -0.007624456 0.935441971 18.135398865
0.947320998 0.029882077 0.318888754 11.228480339 -0.030512372 0.999529839 -0.003019918 -0.504316628 -0.318829060 -0.006869219 0.947787344 18.227455139
0.957107246 0.031092340 0.288060814 11.254274368 -0.031701304 0.999494135 -0.002551764 -0.505213797 -0.287994444 -0.006689591 0.957608700 18.321756363
0.963463247 0.024988975 0.266672343 11.278157234 -0.025297981 0.999677360 -0.002277101 -0.505193055 -0.266643196 -0.004552368 0.963784575 18.417098999
0.967566431 0.023117779 0.251556724 11.302417755 -0.023394488 0.999724507 -0.001890981 -0.506526947 -0.251531154 -0.004055391 0.967840731 18.513607025
0.970557272 0.026607744 0.239396393 11.323791504 -0.026865011 0.999636650 -0.002189032 -0.506874204 -0.239367664 -0.004306805 0.970919430 18.616283417
0.972869873 0.031818178 0.229154602 11.338821411 -0.032393236 0.999474406 -0.001252652 -0.507095277 -0.229074016 -0.006204391 0.973389208 18.696958542
0.974026561 0.039731435 0.222920820 11.361164093 -0.040074598 0.999192238 -0.002985890 -0.505897760 -0.222859383 -0.006025125 0.974831998 18.798126221
0.974605680 0.044855449 0.219389573 11.384713173 -0.044561077 0.998986840 -0.006292583 -0.506232500 -0.219449550 -0.003643448 0.975617051 18.899845123
0.974512100 0.046572644 0.219447315 11.405946732 -0.045704201 0.998914182 -0.009035309 -0.507148564 -0.219629824 -0.001224646 0.975582540 19.010913849
0.973976791 0.045228630 0.222089142 11.432920456 -0.043601248 0.998974204 -0.012227669 -0.509863138 -0.222414359 0.002226104 0.974949718 19.117341995
0.973303497 0.042805564 0.225494966 11.461421013 -0.039469123 0.999034643 -0.019285601 -0.508562028 -0.226102814 0.009870656 0.974053442 19.218044281
0.972314537 0.042865787 0.229710519 11.486160278 -0.038373519 0.998975456 -0.023989933 -0.509769797 -0.230503514 0.014510960 0.972963274 19.321226120
0.971009731 0.047759771 0.234220281 11.513843536 -0.043407351 0.998776197 -0.023705728 -0.511609674 -0.235065818 0.012851611 0.971894503 19.435480118
0.969303787 0.051164877 0.240483433 11.541033745 -0.047843415 0.998661876 -0.019633815 -0.513742447 -0.241166189 0.007525584 0.970454633 19.547794342
0.968493402 0.047740415 0.244420424 11.576427460 -0.045389783 0.998853028 -0.015244038 -0.515081882 -0.244867831 0.003669562 0.969549537 19.657564163
0.967624009 0.043543503 0.248611644 11.605841637 -0.042597305 0.999050081 -0.009186871 -0.519175649 -0.248775512 -0.001700750 0.968559682 19.780488968
0.966871321 0.040701356 0.251998544 11.642498016 -0.040836137 0.999154806 -0.004697104 -0.520352125 -0.251976758 -0.005749153 0.967716217 19.901449203
0.966351271 0.036091112 0.254681557 11.679105759 -0.036169361 0.999336064 -0.004377402 -0.520611823 -0.254670471 -0.004981560 0.967015088 20.021051407
0.966397643 0.031956974 0.255057514 11.715527534 -0.031078802 0.999489009 -0.007473463 -0.522427738 -0.255165994 -0.000704545 0.966897011 20.147502899
0.966461539 0.032614473 0.254731983 11.741617203 -0.029954165 0.999448717 -0.014316799 -0.523767829 -0.255058497 0.006206353 0.966905713 20.258642197
0.966743052 0.034747619 0.253378063 11.779888153 -0.030386899 0.999315381 -0.021104846 -0.525052369 -0.253937930 0.012703591 0.967137098 20.386812210
0.967266798 0.038017802 0.250897527 11.811197281 -0.032725226 0.999145746 -0.025234610 -0.524829566 -0.251642555 0.016197922 0.967684686 20.509895325
0.967881501 0.036806893 0.248697996 11.845879555 -0.032621093 0.999248564 -0.020932551 -0.527614236 -0.249281570 0.012147429 0.968354881 20.642429352
0.968267977 0.032059789 0.247849301 11.877490044 -0.029782962 0.999472737 -0.012931225 -0.531016469 -0.248133197 0.005139205 0.968712270 20.777336121
0.969016969 0.031882301 0.244927764 11.917247772 -0.031010114 0.999491572 -0.007417550 -0.532259643 -0.245039716 -0.000407505 0.969512939 20.916730881
0.969278276 0.035711970 0.243360326 11.950002670 -0.034783006 0.999361932 -0.008114593 -0.533213139 -0.243494838 -0.000599504 0.969902039 21.050287247
0.969590127 0.041087881 0.241260767 11.979470253 -0.039205130 0.999151707 -0.012600965 -0.535557985 -0.241573855 0.002759112 0.970378518 21.186185837
0.970616579 0.041946959 0.236947194 12.018601418 -0.038771939 0.999085128 -0.018045789 -0.536439061 -0.237487376 0.008328640 0.971354902 21.330204010
0.971506834 0.041586455 0.233334571 12.053666115 -0.037703142 0.999066591 -0.021080365 -0.539313674 -0.233993441 0.011682275 0.972167969 21.475013733
0.972573876 0.038645059 0.229361281 12.087943077 -0.035052422 0.999190927 -0.019718753 -0.540983260 -0.229937732 0.011138277 0.973141611 21.619941711
0.973395824 0.034880690 0.226459563 12.117759705 -0.031801160 0.999345601 -0.017233761 -0.544622123 -0.226912498 0.009573594 0.973868072 21.758876801
0.973764062 0.034457069 0.224936128 12.155417442 -0.031949598 0.999380231 -0.014779042 -0.546672225 -0.225305945 0.007204683 0.974261403 21.913667679
0.974232852 0.030651808 0.223452151 12.193898201 -0.028573783 0.999513149 -0.012527818 -0.549188018 -0.223727375 0.005820138 0.974634409 22.066272736
0.974541724 0.025342682 0.222769305 12.231530190 -0.023360861 0.999660611 -0.011527386 -0.550043881 -0.222985849 0.006029837 0.974803030 22.213453293
0.974625468 0.025778254 0.222352564 12.261957169 -0.024305698 0.999660790 -0.009357019 -0.554382443 -0.222518340 0.003715155 0.974921405 22.356351852
0.974391162 0.031216845 0.222682297 12.299985886 -0.029342946 0.999500692 -0.011719623 -0.555439234 -0.222936958 0.004885343 0.974820614 22.515956879
0.973997056 0.037382640 0.223455399 12.336047173 -0.034938183 0.999278605 -0.014884345 -0.558698297 -0.223850623 0.006690183 0.974600494 22.675991058
0.973520458 0.045858365 0.223952979 12.370841026 -0.043282401 0.998928249 -0.016400371 -0.561022639 -0.224465057 0.006272874 0.974461973 22.824029922
0.972614825 0.052300684 0.226461947 12.408482552 -0.050008994 0.998623013 -0.015848909 -0.563483298 -0.226979017 0.004089751 0.973891079 22.973705292
0.971729457 0.053980730 0.229843259 12.436065674 -0.052274857 0.998541355 -0.013509103 -0.566563189 -0.230237231 0.001112171 0.973133922 23.125663757
0.971111178 0.054783147 0.232254058 12.477017403 -0.052801840 0.998496175 -0.014743788 -0.568918824 -0.232712492 0.002054416 0.972543418 23.290079117
0.970782995 0.053382743 0.233945951 12.520757675 -0.050698821 0.998561084 -0.017475745 -0.572799861 -0.234542236 0.005104371 0.972092509 23.448642731
0.970764816 0.046826385 0.235420853 12.561429024 -0.044151276 0.998886526 -0.016624443 -0.574278712 -0.235937178 0.005744296 0.971751332 23.608467102
0.971070111 0.039954174 0.235428259 12.596877098 -0.036853608 0.999166429 -0.017557088 -0.578991652 -0.235933483 0.008372784 0.971733153 23.752740860
0.970818579 0.039376371 0.236560330 12.641680717 -0.036143221 0.999184668 -0.017990153 -0.582297683 -0.237075850 0.008915124 0.971450269 23.917875290
0.970569789 0.041124128 0.237282708 12.684659958 -0.038574476 0.999137342 -0.015380092 -0.583993196 -0.237710506 0.005774397 0.971318901 24.072515488
0.970115960 0.042613167 0.238870472 12.720611572 -0.041497257 0.999091506 -0.009701091 -0.586528897 -0.239066854 -0.000501283 0.971002996 24.228391647
0.969591022 0.046497412 0.240273356 12.753402710 -0.046675373 0.998897851 -0.004953281 -0.591114104 -0.240238845 -0.006412191 0.970692635 24.379159927
0.969370365 0.045699149 0.241314411 12.796325684 -0.044166561 0.998954952 -0.011759080 -0.593517959 -0.241599604 0.000740878 0.970375717 24.540166855
0.969607830 0.042211071 0.240995690 12.837976456 -0.036941171 0.998970091 -0.026345501 -0.596347928 -0.241859570 0.016642140 0.970168531 24.694652557
0.969945431 0.039993715 0.240013331 12.879854202 -0.032363422 0.998840153 -0.035650410 -0.599869967 -0.241160750 0.026811300 0.970114768 24.842666626
