0.999991357 -0.002747274 -0.003111604 -0.000227955 0.002740745 0.999994040 -0.002100526 -0.000279787 0.003117356 0.002091979 0.999992967 0.040306844
0.999973953 -0.001351041 -0.007089816 -0.000820290 0.001325245 0.999992490 -0.003641898 -0.000469341 0.007094683 0.003632407 0.999968231 0.081416458
0.999961078 -0.001200814 -0.008743582 -0.002888585 0.001153516 0.999984682 -0.005412401 -0.000531755 0.008749948 0.005402104 0.999947131 0.127291352
0.999879301 0.000160500 -0.015535020 -0.002931297 -0.000250128 0.999983311 -0.005767624 -0.000947284 0.015533836 0.005770813 0.999862671 0.166668519
0.999815047 -0.000884854 -0.019212173 -0.004663717 0.000774927 0.999983311 -0.005728414 -0.001704337 0.019216921 0.005712466 0.999799013 0.212891743
0.999711633 0.000747534 -0.024001233 -0.005849047 -0.000914682 0.999975383 -0.006953910 -0.002238743 0.023995444 0.006973859 0.999687731 0.255375862
0.999589980 0.003227778 -0.028450130 -0.008079461 -0.003429657 0.999969244 -0.007049948 -0.003237127 0.028426500 0.007144631 0.999570370 0.303406417
0.999468744 0.003321274 -0.032423049 -0.010859774 -0.003508598 0.999977469 -0.005722284 -0.003471331 0.032403313 0.005833004 0.999457836 0.358258963
0.999302506 0.002914699 -0.037228454 -0.011809791 -0.003043803 0.999989569 -0.003411685 -0.003542447 0.037218120 0.003522621 0.999300957 0.395215631
0.999180019 0.002383209 -0.040417906 -0.014162883 -0.002403930 0.999997020 -0.000464071 -0.004340235 0.040416677 0.000560852 0.999182761 0.445374459
0.999105752 0.004109451 -0.042081688 -0.017787362 -0.004142383 0.999991179 -0.000695403 -0.005374481 0.042078458 0.000869100 0.999113917 0.502809107
0.998969555 0.003158833 -0.045275051 -0.019252056 -0.003228348 0.999993742 -0.001462335 -0.005066241 0.045270149 0.001606992 0.998973489 0.539970696
0.998881876 0.000085996 -0.047275141 -0.021463504 -0.000174208 0.999998271 -0.001861798 -0.005583657 0.047274899 0.001867952 0.998880148 0.592210829
0.998780966 0.000046440 -0.049362108 -0.023783283 -0.000112785 0.999999106 -0.001341275 -0.005609624 0.049362000 0.001345208 0.998780072 0.639450669
0.998714983 -0.001709949 -0.050650448 -0.026505752 0.001624196 0.999997199 -0.001734138 -0.005976164 0.050653271 0.001649643 0.998714924 0.689886987
0.998597801 0.000403418 -0.052936856 -0.029228350 -0.000581683 0.999994218 -0.003352140 -0.007033698 0.052935194 0.003378232 0.998592257 0.743439913
0.998570621 0.000673972 -0.053444546 -0.033020854 -0.001025940 0.999977946 -0.006558509 -0.007080369 0.053438947 0.006603965 0.998549283 0.791821241
0.998461068 0.004416539 -0.055281486 -0.036430534 -0.004859741 0.999957085 -0.007885320 -0.008245994 0.055244289 0.008141839 0.998439670 0.846525311
0.998381853 0.005677242 -0.056581810 -0.039354838 -0.006122163 0.999951661 -0.007693082 -0.008766111 0.056535400 0.008027037 0.998368323 0.896617889
0.998319685 0.004889101 -0.057739764 -0.042832721 -0.005249851 0.999967635 -0.006097838 -0.009692634 0.057708085 0.006390716 0.998313069 0.949641109
0.998220265 0.005346291 -0.059395101 -0.045908242 -0.005613835 0.999974847 -0.004338532 -0.010367849 0.059370410 0.004664245 0.998225152 1.005327463
0.998184681 0.005053025 -0.060015168 -0.049542218 -0.005325721 0.999976218 -0.004384701 -0.011381196 0.059991583 0.004696365 0.998187840 1.056408525
0.998094440 0.004852892 -0.061513934 -0.053608529 -0.005176101 0.999973595 -0.005095979 -0.012191604 0.061487582 0.005404670 0.998093188 1.112373710
0.998024285 0.003805012 -0.062714264 -0.056433387 -0.004189856 0.999973178 -0.006006098 -0.012708377 0.062689729 0.006256995 0.998013437 1.164109826
0.997988045 0.003817176 -0.063287251 -0.059969854 -0.004103148 0.999981940 -0.004389289 -0.013401611 0.063269347 0.004640135 0.997985721 1.218730807
0.997949779 0.005017370 -0.063804850 -0.063162774 -0.005119090 0.999985874 -0.001430849 -0.014001184 0.063796774 0.001754538 0.997961342 1.275823355
0.998043120 0.006173558 -0.062224381 -0.067689069 -0.006023914 0.999978483 0.002592222 -0.014630480 0.062239047 -0.002212315 0.998058796 1.328400016
0.998110771 0.004796898 -0.061252553 -0.070177697 -0.004468989 0.999974966 0.005489272 -0.014900157 0.061277349 -0.005205164 0.998107195 1.385347962
0.998225212 0.005239590 -0.059321124 -0.074192762 -0.004878962 0.999968767 0.006222464 -0.015322746 0.059351873 -0.005921995 0.998219550 1.439041495
0.998303771 0.005611420 -0.057949509 -0.077379815 -0.005433863 0.999980032 0.003221134 -0.015678536 0.057966430 -0.002900781 0.998314321 1.496033311
0.998351514 0.006308241 -0.057047486 -0.080910310 -0.006396972 0.999978602 -0.001372901 -0.016158234 0.057037603 0.001735569 0.998370528 1.550235629
0.998430252 0.005567063 -0.055731617 -0.084248289 -0.005832008 0.999972463 -0.004592443 -0.016487606 0.055704515 0.004910261 0.998435199 1.607772708
0.998473525 0.003509818 -0.055120640 -0.087344296 -0.003716555 0.999986410 -0.003648571 -0.016899284 0.055107087 0.003847860 0.998473048 1.662867904
0.998489618 0.002448724 -0.054885894 -0.090839162 -0.002394042 0.999996543 0.001062015 -0.017439716 0.054888308 -0.000929012 0.998492062 1.720950961
0.998426020 -0.001743033 -0.056057684 -0.093772374 0.002021410 0.999985933 0.004909588 -0.018303670 0.056048334 -0.005015176 0.998415470 1.776992798
0.998338342 -0.008043948 -0.057060435 -0.096678130 0.008253092 0.999960065 0.003430599 -0.017774232 0.057030559 -0.003895823 0.998364806 1.835244775
0.998221636 -0.011173901 -0.058554847 -0.099785753 0.011208929 0.999937117 0.000269773 -0.019098708 0.058548152 -0.000925630 0.998284161 1.891712308
0.998127759 -0.011127785 -0.060142420 -0.103390828 0.010917583 0.999933124 -0.003822539 -0.019477567 0.060180932 0.003158772 0.998182476 1.950292945
0.997979462 -0.010024821 -0.062741630 -0.107006282 0.009762067 0.999942243 -0.004493029 -0.020158963 0.062783048 0.003871463 0.998019695 2.011380434
0.997959197 -0.010026975 -0.063063137 -0.111076251 0.009865726 0.999947250 -0.002867816 -0.021107873 0.063088566 0.002239799 0.998005390 2.065544844
0.997929811 -0.006798455 -0.063952006 -0.115403660 0.006805612 0.999976814 -0.000105929 -0.021913754 0.063951246 -0.000329523 0.997952998 2.124557734
0.997837603 -0.007136806 -0.065338604 -0.119457595 0.007241448 0.999972820 0.001364839 -0.022456460 0.065327086 -0.001835034 0.997862220 2.182111263
0.997799456 -0.005313105 -0.066090703 -0.124210052 0.005568757 0.999977708 0.003684574 -0.022806592 0.066069655 -0.004044509 0.997806787 2.243649960
0.997790515 -0.005536468 -0.066207163 -0.127442569 0.006017628 0.999956906 0.007070269 -0.023862682 0.066165164 -0.007453058 0.997780859 2.299150467
0.997790396 -0.000199019 -0.066440500 -0.132593855 0.000835431 0.999954045 0.009551040 -0.023966366 0.066435546 -0.009585442 0.997744679 2.358175993
0.997786403 0.000314682 -0.066499747 -0.136309355 0.000272955 0.999961019 0.008827417 -0.024458194 0.066499934 -0.008826029 0.997747421 2.415148973
0.997767985 0.000180496 -0.066775568 -0.140038043 0.000305315 0.999973536 0.007265001 -0.024895800 0.066775113 -0.007269173 0.997741580 2.473013163
0.997782826 0.002966024 -0.066488035 -0.144379750 -0.002656746 0.999985218 0.004739559 -0.024934242 0.066501111 -0.004552409 0.997775972 2.529941320
0.997692347 0.003205004 -0.067821272 -0.147972539 -0.002883833 0.999984145 0.004832934 -0.025741460 0.067835689 -0.004626195 0.997685790 2.587403774
0.997635543 0.000694715 -0.068723001 -0.152370855 -0.000314561 0.999984562 0.005542363 -0.025361272 0.068725795 -0.005507641 0.997620404 2.646103382
0.997583747 0.001428518 -0.069459140 -0.156681746 -0.000969998 0.999977529 0.006634563 -0.025884008 0.069467053 -0.006551157 0.997562706 2.703641653
0.997600734 0.003610587 -0.069135636 -0.161398351 -0.003407217 0.999989510 0.003059309 -0.026455292 0.069145963 -0.002816408 0.997602582 2.759674072
0.997469604 0.003924105 -0.070985459 -0.164614350 -0.003984200 0.999991834 -0.000705014 -0.027176162 0.070982113 0.000986050 0.997477114 2.816907406
0.997433782 0.004180234 -0.071473300 -0.169035912 -0.004352597 0.999987960 -0.002255988 -0.027301136 0.071463011 0.002561293 0.997439981 2.873887062
0.997438550 0.003587255 -0.071438923 -0.173044130 -0.003479777 0.999992609 0.001628881 -0.028583277 0.071444236 -0.001376117 0.997443676 2.929996252
0.997436047 0.001813398 -0.071540676 -0.177408889 -0.001481251 0.999987900 0.004695541 -0.029282020 0.071548328 -0.004577532 0.997426629 2.986338377
0.997425675 -0.000061934 -0.071708053 -0.181354582 0.000443198 0.999985874 0.005301005 -0.029703442 0.071706712 -0.005319139 0.997411549 3.041932344
0.997430325 -0.003375769 -0.071563579 -0.185917482 0.003696458 0.999983728 0.004349213 -0.030613830 0.071547732 -0.004602568 0.997426569 3.097107887
0.997382104 -0.005675562 -0.072088450 -0.189341292 0.005900723 0.999978364 0.002910818 -0.031101827 0.072070368 -0.003328571 0.997394025 3.151825905
0.997331679 -0.006797072 -0.072686106 -0.193875238 0.007107036 0.999966741 0.004006637 -0.031870067 0.072656453 -0.004512529 0.997346818 3.206716299
0.997166812 -0.010667177 -0.074461870 -0.197017089 0.011302734 0.999903142 0.008119149 -0.031786822 0.074368052 -0.008937769 0.997190833 3.262212276
0.997123539 -0.011747091 -0.074877419 -0.201216549 0.012765140 0.999832273 0.013132144 -0.031868130 0.074710600 -0.014050190 0.997106254 3.317099810
0.997081459 -0.009919834 -0.075697772 -0.205427840 0.011102698 0.999822497 0.015221337 -0.032101858 0.075533345 -0.016017362 0.997014642 3.372646809
0.996985912 -0.009155155 -0.077040568 -0.210032776 0.010076805 0.999882162 0.011582951 -0.032481033 0.076925442 -0.012324361 0.996960700 3.427235603
0.996905148 -0.007026064 -0.078299336 -0.214414969 0.007330747 0.999966621 0.003604491 -0.032739937 0.078271396 -0.004167328 0.996923387 3.479932070
0.996877193 -0.005165836 -0.078798212 -0.219311193 0.005079957 0.999986291 -0.001290281 -0.033260025 0.078803793 0.000885960 0.996889770 3.533338785
0.996785998 -0.000378047 -0.080109656 -0.223629743 0.000370374 0.999999940 -0.000110644 -0.034098018 0.080109693 0.000080618 0.996786058 3.585361481
0.996710837 0.002064136 -0.081013747 -0.228433400 -0.001899036 0.999995947 0.002114928 -0.034807581 0.081017785 -0.001954124 0.996710718 3.637765169
0.996609032 0.005083065 -0.082125753 -0.232859120 -0.004808998 0.999982178 0.003534620 -0.035686292 0.082142256 -0.003127692 0.996615708 3.687842607
0.996526837 0.005509510 -0.083090112 -0.237627313 -0.005270638 0.999981344 0.003093928 -0.036128454 0.083105609 -0.002645244 0.996537209 3.738160133
0.996393263 0.007618683 -0.084512763 -0.242022663 -0.007280686 0.999964237 0.004306849 -0.036967877 0.084542550 -0.003676004 0.996413112 3.787248611
0.996248126 0.008723162 -0.086102463 -0.245934531 -0.008335031 0.999953449 0.004866259 -0.037825536 0.086140908 -0.004130335 0.996274412 3.835555792
0.996131778 0.008154155 -0.087492958 -0.250532001 -0.007720008 0.999956131 0.005299310 -0.038159385 0.087532334 -0.004603365 0.996151030 3.883236647
0.996044815 0.007518854 -0.088533655 -0.254719436 -0.006982071 0.999955356 0.006371161 -0.038506597 0.088577606 -0.005727814 0.996052802 3.930077791
0.995883584 0.010620347 -0.090017289 -0.259234011 -0.009822730 0.999908507 0.009299101 -0.039284676 0.090107813 -0.008376607 0.995896816 3.976448774
0.995741427 0.012024052 -0.091402598 -0.263301104 -0.010847104 0.999851882 0.013362423 -0.039605536 0.091549732 -0.012314064 0.995724380 4.021694183
0.995569587 0.015411532 -0.092755817 -0.268499523 -0.014064617 0.999786198 0.015157347 -0.039888110 0.092969581 -0.013785618 0.995573521 4.067489147
0.995440245 0.018233476 -0.093628578 -0.273788840 -0.017279200 0.999790251 0.010992815 -0.040109389 0.093809374 -0.009324864 0.995546520 4.110656738
0.995289564 0.018073501 -0.095247425 -0.277880132 -0.017810877 0.999834895 0.003606792 -0.040562365 0.095296882 -0.001893362 0.995447099 4.153203487
0.995149553 0.017201733 -0.096857801 -0.281803727 -0.017492346 0.999844670 -0.002152034 -0.041212156 0.096805736 0.003835866 0.995295882 4.195338249
0.995094240 0.018065536 -0.097268090 -0.286090106 -0.018477876 0.999823689 -0.003340011 -0.041568536 0.097190596 0.005120933 0.995252609 4.234876633
0.994987607 0.020750059 -0.097821862 -0.290532440 -0.020839417 0.999782801 0.000108271 -0.041863818 0.097802863 0.001930822 0.995203912 4.274137974
0.994826555 0.021242807 -0.099342458 -0.294442952 -0.021078181 0.999774158 0.002706567 -0.043271802 0.099377513 -0.000598606 0.995049596 4.312450409
0.994781554 0.017893078 -0.100446224 -0.298045486 -0.018048929 0.999836922 -0.000642975 -0.043806557 0.100418337 0.002452566 0.994942307 4.348755360
0.994890511 0.009890518 -0.100473978 -0.300853759 -0.010555703 0.999925733 -0.006090987 -0.044379175 0.100406274 0.007120438 0.994921029 4.384610653
0.995073080 0.005752634 -0.098977096 -0.304580957 -0.006882069 0.999915004 -0.011073438 -0.044843175 0.098904982 0.011700047 0.995028079 4.418687820
0.995335996 0.008138064 -0.096124955 -0.307945877 -0.009262044 0.999893785 -0.011252501 -0.045596279 0.096023172 0.012090333 0.995305657 4.453183651
0.995684683 0.013233996 -0.091852352 -0.311648756 -0.014032368 0.999869108 -0.008051512 -0.046528723 0.091733776 0.009305673 0.995740116 4.485936642
0.996088266 0.011458497 -0.087617733 -0.313842863 -0.011947880 0.999915779 -0.005063033 -0.047181129 0.087552339 0.006090074 0.996141315 4.518655777
0.996608913 0.007832614 -0.081910491 -0.315922856 -0.007915672 0.999968410 -0.000689319 -0.048007913 0.081902504 0.001335358 0.996639431 4.550256729
0.997277856 0.003361840 -0.073658533 -0.317688167 -0.003171498 0.999991298 0.002700928 -0.048676040 0.073666975 -0.002459968 0.997279882 4.581083775
0.998006880 0.007118438 -0.062702373 -0.319627374 -0.006984811 0.999972820 0.002350063 -0.049124524 0.062717400 -0.001907415 0.998029530 4.610864639
0.998785317 0.012336716 -0.047704428 -0.321220696 -0.012263484 0.999923110 0.001827491 -0.049509823 0.047723304 -0.001240248 0.998859823 4.640050888
0.999414563 0.017640470 -0.029313654 -0.322114527 -0.017582709 0.999842942 0.002227045 -0.049763486 0.029348336 -0.001710328 0.999567807 4.668684006
0.999847531 0.015729368 -0.007583012 -0.321057677 -0.015709095 0.999872863 0.002725645 -0.050086923 0.007624921 -0.002606107 0.999967515 4.696838856
0.999752879 0.012213849 0.018573921 -0.319177836 -0.012283336 0.999917984 0.003631670 -0.050549366 -0.018528040 -0.003858922 0.999820888 4.723513126
0.998788059 0.011237148 0.047917906 -0.316280484 -0.011507776 0.999919355 0.005375603 -0.051203605 -0.047853634 -0.005920517 0.998836815 4.750140190
0.996629238 0.010644278 0.081344053 -0.313621968 -0.011228458 0.999914348 0.006727513 -0.051517069 -0.081265479 -0.007618204 0.996663392 4.775670052
0.992831588 0.010857840 0.119027615 -0.309263408 -0.011754788 0.999907553 0.006836135 -0.051582877 -0.118942380 -0.008186275 0.992867410 4.801363468
0.987042904 0.010600092 0.160105869 -0.303506911 -0.011862092 0.999905646 0.006928553 -0.052061088 -0.160017312 -0.008737969 0.987075508 4.825393677
0.978625476 0.010053072 0.205404729 -0.296978474 -0.011778539 0.999904871 0.007179301 -0.052767530 -0.205313012 -0.009445215 0.978650808 4.849557400
0.967057347 0.012558104 0.254248708 -0.289493114 -0.014316171 0.999884665 0.005065521 -0.053121138 -0.254155785 -0.008538517 0.967125595 4.872325420
0.951528072 0.013390702 0.307270348 -0.280407399 -0.014726927 0.999889493 0.002030335 -0.053660721 -0.307209224 -0.006457069 0.951620102 4.894487858
0.931963801 0.013815233 0.362287968 -0.269673407 -0.014674679 0.999892235 -0.000379461 -0.053826947 -0.362254173 -0.004962816 0.932066143 4.915500641
0.907684743 0.014229583 0.419411451 -0.258096635 -0.014775492 0.999888957 -0.001946809 -0.054497648 -0.419392586 -0.004429922 0.907794178 4.935616970
0.878509641 0.014116732 0.477515996 -0.245778620 -0.013914417 0.999895334 -0.003960716 -0.054885443 -0.477521956 -0.003164829 0.878614128 4.954259872
0.845133960 0.013229948 0.534390867 -0.231301069 -0.011735058 0.999911964 -0.006196002 -0.055209812 -0.534425795 -0.001034655 0.845214784 4.972543716
0.808408201 0.013086678 0.588476837 -0.215799809 -0.010700237 0.999914348 -0.007537083 -0.055819362 -0.588525057 -0.000203800 0.808478951 4.989354134
0.768906474 0.011228695 0.639262676 -0.199644446 -0.009013847 0.999936759 -0.006722088 -0.056324616 -0.639297724 -0.000593558 0.768959105 5.004570007
0.726271152 0.010834598 0.687322974 -0.182427585 -0.010710351 0.999932766 -0.004445145 -0.056960545 -0.687324882 -0.004133089 0.726338387 5.019266129
0.681411028 0.010286492 0.731828749 -0.164555669 -0.009662765 0.999940515 -0.005057968 -0.056838352 -0.731837213 -0.003624934 0.681469858 5.032316685
0.634772778 0.008664287 0.772650301 -0.145729780 -0.006218999 0.999962032 -0.006104064 -0.057552107 -0.772673905 -0.000930417 0.634802580 5.044566154
0.587960243 0.005957991 0.808867872 -0.126301885 -0.000650604 0.999976039 -0.006892744 -0.058126725 -0.808889568 0.003526406 0.587949991 5.055294991
0.541191697 0.008181306 0.840859473 -0.106486917 -0.002725135 0.999964476 -0.007975405 -0.058696173 -0.840894818 0.002024768 0.541194797 5.065517902
0.494030952 0.011111836 0.869373322 -0.086400986 -0.006328988 0.999937773 -0.009184120 -0.059242766 -0.869421303 -0.000965014 0.494070530 5.074853897
0.448720217 0.013222650 0.893574536 -0.065928459 -0.006905030 0.999911964 -0.011328724 -0.059785549 -0.893645704 -0.001086731 0.448772013 5.082842827
0.406160355 0.010537621 0.913741052 -0.044926643 0.000290401 0.999931991 -0.011660692 -0.060345523 -0.913801789 0.005001462 0.406129658 5.089706898
0.366626501 0.002899942 0.930363655 -0.022766829 0.015516211 0.999836981 -0.009230932 -0.060636953 -0.930238783 0.017820025 0.366521776 5.095210075
0.330699265 -0.000175809 0.943736076 -0.000760555 0.019343961 0.999791145 -0.006592161 -0.060647897 -0.943537831 0.020435618 0.330633581 5.101071358
0.298157275 0.003441441 0.954510570 0.021535397 0.017254289 0.999810696 -0.008994435 -0.061294235 -0.954360783 0.019151159 0.298041463 5.106568336
0.266810656 0.011048613 0.963685632 0.043934584 0.006043494 0.999895453 -0.013136989 -0.062254019 -0.963730037 0.009329117 0.266716003 5.112782478
0.238340437 0.015678501 0.971055150 0.067060947 0.001189184 0.999864221 -0.016435526 -0.063149147 -0.971180975 0.005072014 0.238289416 5.118022442
0.212689579 0.017246952 0.976967633 0.091094971 0.002810009 0.999829292 -0.018262291 -0.064049408 -0.977115810 0.006629487 0.212604821 5.122140408
0.189344585 0.018617822 0.981734157 0.115704060 0.010604880 0.999723136 -0.021004306 -0.064586639 -0.981853426 0.014388224 0.189094722 5.125281811
0.169500411 0.024815828 0.985217631 0.140761852 0.017743569 0.999444067 -0.028226832 -0.064607769 -0.985370398 0.022265736 0.168965816 5.127758503
0.149519801 0.031594105 0.988253832 0.166418552 0.019411240 0.999202967 -0.034881007 -0.064746149 -0.988568187 0.024398632 0.148787379 5.130929947
0.131537914 0.032461561 0.990779579 0.193424702 0.017211277 0.999238253 -0.035023708 -0.065468937 -0.991161764 0.021659529 0.130879045 5.134608269
0.116656601 0.028030319 0.992776632 0.222003460 0.014868101 0.999440372 -0.029965544 -0.067006059 -0.993061006 0.018256381 0.116174579 5.137095451
0.101759851 0.024754692 0.994500935 0.251025677 0.015192863 0.999535084 -0.026434571 -0.068339407 -0.994692981 0.017799294 0.101336420 5.139934540
0.088668108 0.022244450 0.995812893 0.280762196 0.017697386 0.999557614 -0.023903895 -0.069395907 -0.995904088 0.019742800 0.088235259 5.141845703
0.077142358 0.021394728 0.996790588 0.311607838 0.021534378 0.999500751 -0.023119463 -0.070356995 -0.996787548 0.023248754 0.076643109 5.143432140
0.067066252 0.022068838 0.997504413 0.343600750 0.024683932 0.999412656 -0.023770655 -0.071242601 -0.997443140 0.026216540 0.066482127 5.144928932
0.059647501 0.022837825 0.997958302 0.376253128 0.026679009 0.999344647 -0.024464147 -0.072086170 -0.997863054 0.028083764 0.058999121 5.146106720
0.053723633 0.022878561 0.998293698 0.411150455 0.028380711 0.999298632 -0.024428915 -0.073150545 -0.998152435 0.029644696 0.053036690 5.148046494
0.048009455 0.023914468 0.998560548 0.446300983 0.029521700 0.999242604 -0.025350166 -0.074213937 -0.998410523 0.030696252 0.047267079 5.149630070
0.041865349 0.024463890 0.998823762 0.482137680 0.030320926 0.999208629 -0.025744209 -0.075377598 -0.998663127 0.031363051 0.041090429 5.150911331
0.037415504 0.024656396 0.998995662 0.519818783 0.032565951 0.999134481 -0.025879525 -0.076387949 -0.998769104 0.033501539 0.036580145 5.152102947
0.034823537 0.024758030 0.999086738 0.558604240 0.034082469 0.999082148 -0.025945874 -0.077455550 -0.998812139 0.034954872 0.033947766 5.152928352
0.031605124 0.024136681 0.999209046 0.598164082 0.034975026 0.999069452 -0.025239578 -0.078720033 -0.998888433 0.035745062 0.030731559 5.154149055
0.029325783 0.023491530 0.999293804 0.638601303 0.037198968 0.999005616 -0.024576413 -0.080034137 -0.998877466 0.037893418 0.028422713 5.155182362
0.028421879 0.022854468 0.999334753 0.680299282 0.041676532 0.998842180 -0.024028517 -0.081579708 -0.998726845 0.042331740 0.027436435 5.156357288
0.029583097 0.022724967 0.999304116 0.723893166 0.044880714 0.998703063 -0.024039945 -0.082703084 -0.998554349 0.045560654 0.028524816 5.156934738
0.032530785 0.022301545 0.999222040 0.768397331 0.047099255 0.998606145 -0.023821179 -0.084510565 -0.998360515 0.047837533 0.031435072 5.157714844
0.035750628 0.022531219 0.999106765 0.812805176 0.049109004 0.998498380 -0.024274752 -0.085225195 -0.998153448 0.049932975 0.034590423 5.159871101
0.040195763 0.021613216 0.998958111 0.858357906 0.049439859 0.998498440 -0.023592617 -0.087052673 -0.997968018 0.050336666 0.039066851 5.161601543
0.044339180 0.020434570 0.998807609 0.905697107 0.050991584 0.998441279 -0.022690704 -0.087762125 -0.997714400 0.051936865 0.043228090 5.163556576
0.048034072 0.018972171 0.998665512 0.953481436 0.050650023 0.998487055 -0.021404963 -0.089039326 -0.997560680 0.051610600 0.047000468 5.166283607
0.052504659 0.016903574 0.998477638 1.002014637 0.047745001 0.998670816 -0.019417504 -0.090253480 -0.997478664 0.048691828 0.051627815 5.168707848
0.056673944 0.015782669 0.998267949 1.051397085 0.047110625 0.998719037 -0.018464381 -0.091540992 -0.997280598 0.048075479 0.055857837 5.171784878
0.060507774 0.016610837 0.998029590 1.100885153 0.044471141 0.998823822 -0.019320223 -0.093168043 -0.997176707 0.045552537 0.059697926 5.175319672
0.063821912 0.020537600 0.997750044 1.151367903 0.042321622 0.998833060 -0.023267038 -0.095014833 -0.997063637 0.043711342 0.062878251 5.178655624
0.064922392 0.025864234 0.997555077 1.201019287 0.035904806 0.998956203 -0.028237300 -0.096894383 -0.997244179 0.037650254 0.063925922 5.182489395
0.064460158 0.029163560 0.997494102 1.251254559 0.032961391 0.998965263 -0.031336609 -0.098575830 -0.997375846 0.034898758 0.063432217 5.186341763
0.064942479 0.028545253 0.997480631 1.302826166 0.030708220 0.999060214 -0.030589761 -0.100525379 -0.997416437 0.032617431 0.064004838 5.189952374
0.065011799 0.026277520 0.997538567 1.353441477 0.028228082 0.999204755 -0.028161105 -0.103199929 -0.997485280 0.029989405 0.064218342 5.193576336
0.064618826 0.025366973 0.997587562 1.404583454 0.028903529 0.999209881 -0.027280454 -0.104921840 -0.997491360 0.030596631 0.063834548 5.197305202
0.064905643 0.024283284 0.997595906 1.455742598 0.026064230 0.999321520 -0.026021084 -0.107558899 -0.997550964 0.027690485 0.064228714 5.201410770
0.064902008 0.024959872 0.997579455 1.506517649 0.024941010 0.999334276 -0.026626427 -0.109169610 -0.997579932 0.026608748 0.064236283 5.205017090
0.065056920 0.025550339 0.997554481 1.557358265 0.022018157 0.999392033 -0.027033353 -0.111180089 -0.997638702 0.023723016 0.064454794 5.208877087
0.063823640 0.026791180 0.997601449 1.607595444 0.018642357 0.999433160 -0.028033052 -0.113470256 -0.997786999 0.020386813 0.063288033 5.212219715
0.060517073 0.026424561 0.997817457 1.658747673 0.016134728 0.999493003 -0.027447501 -0.115295619 -0.998036861 0.017760556 0.060060024 5.216477394
0.057433844 0.025387125 0.998026550 1.709078789 0.013542409 0.999564826 -0.026205586 -0.117288209 -0.998257518 0.015020772 0.057065070 5.218712807
0.052673340 0.023010826 0.998346746 1.760178566 0.011011469 0.999660313 -0.023622077 -0.119290784 -0.998551190 0.012237520 0.052402079 5.221828461
0.046498120 0.020729464 0.998703241 1.809858799 0.009468805 0.999730587 -0.021191640 -0.121124141 -0.998873472 0.010441897 0.046289265 5.223999023
0.039089262 0.021288767 0.999008894 1.860189199 0.008901001 0.999725938 -0.021652326 -0.122688532 -0.999196053 0.009738552 0.038889110 5.226177692
0.030182481 0.021924719 0.999303937 1.910007238 0.008416414 0.999718368 -0.022188017 -0.124695770 -0.999508977 0.009080245 0.029989421 5.227918625
0.020268500 0.022304835 0.999545813 1.959249735 0.009074890 0.999705851 -0.022492427 -0.126399890 -0.999753475 0.009526659 0.020060122 5.228648186
0.009675145 0.021243477 0.999727547 2.008546591 0.010288728 0.999719262 -0.021342875 -0.128313720 -0.999900281 0.010492421 0.009453893 5.229629040
-0.001511812 0.020474648 0.999789357 2.058322668 0.009634112 0.999744296 -0.020459160 -0.130100474 -0.999952555 0.009601153 -0.001708627 5.229753494
-0.012423038 0.019407170 0.999734461 2.107023716 0.010784330 0.999756098 -0.019273579 -0.131748632 -0.999864638 0.010542030 -0.012629271 5.229131699
-0.023353219 0.019909032 0.999529004 2.155714273 0.010817704 0.999748170 -0.019660650 -0.133336186 -0.999668717 0.010353471 -0.023562670 5.227942944
-0.034449577 0.020603156 0.999194145 2.204124928 0.011204415 0.999732614 -0.020227963 -0.134900972 -0.999343753 0.010498542 -0.034671187 5.226395130
-0.044723153 0.021635694 0.998765051 2.252102852 0.010842545 0.999717057 -0.021170804 -0.136474907 -0.998940527 0.009882331 -0.044945121 5.223705769
-0.055476665 0.023308963 0.998187959 2.300037384 0.012068485 0.999670088 -0.022672839 -0.137286574 -0.998387098 0.010788804 -0.055739641 5.221961021
-0.064575076 0.023785252 0.997629344 2.347172976 0.012219791 0.999659777 -0.023042694 -0.139254019 -0.997838020 0.010702839 -0.064843774 5.217666626
-0.074607015 0.023897810 0.996926606 2.394682169 0.012817858 0.999653220 -0.023003919 -0.141562596 -0.997130573 0.011062208 -0.074887514 5.214691162
-0.083521724 0.024598559 0.996202350 2.441249847 0.013589920 0.999630451 -0.023543827 -0.142491072 -0.996413350 0.011571889 -0.083825231 5.210056305
-0.092564821 0.024220429 0.995412111 2.487781286 0.014729198 0.999628007 -0.022953322 -0.144234136 -0.995597780 0.012536950 -0.092887163 5.206627846
-0.099502802 0.023034785 0.994770646 2.532503366 0.016241267 0.999636412 -0.021522913 -0.146016568 -0.994904757 0.014014748 -0.099840641 5.200770855
-0.105190277 0.021402663 0.994221866 2.577622890 0.019315423 0.999623716 -0.019475350 -0.147814348 -0.994264662 0.017155200 -0.105564117 5.196652889
-0.108460546 0.019594720 0.993907630 2.621282578 0.022110609 0.999605954 -0.017294234 -0.149329945 -0.993854880 0.020100161 -0.108851075 5.190496445
-0.111550689 0.018433027 0.993587911 2.664776325 0.023389459 0.999599695 -0.015918614 -0.150871873 -0.993483543 0.021463750 -0.111937165 5.185940266
-0.112910509 0.017570371 0.993449867 2.706886530 0.023526175 0.999610603 -0.015005467 -0.152133912 -0.993326664 0.021677800 -0.113279939 5.180699348
-0.113621831 0.018332902 0.993354976 2.748435259 0.024877638 0.999568760 -0.015602031 -0.153274089 -0.993212640 0.022939594 -0.114028931 5.176085472
-0.112484217 0.019014036 0.993471622 2.789196491 0.025232816 0.999549150 -0.016273409 -0.154815674 -0.993333101 0.023237582 -0.112913370 5.171109676
-0.109552860 0.020707332 0.993765354 2.827780485 0.025840599 0.999504387 -0.017978249 -0.156211272 -0.993645132 0.023709923 -0.110033631 5.166644096
-0.104723334 0.021081384 0.994277954 2.865998507 0.026055403 0.999490261 -0.018447591 -0.157545954 -0.994160056 0.023974421 -0.105219245 5.163484097
-0.096929908 0.021793313 0.995052636 2.901678562 0.026258532 0.999468267 -0.019332131 -0.159071520 -0.994944811 0.024254758 -0.097450614 5.160413265
-0.085325480 0.021635801 0.996118248 2.938957453 0.024472751 0.999508083 -0.019613145 -0.160478607 -0.996052563 0.022704251 -0.085813046 5.157390594
-0.072022796 0.021583334 0.997169435 2.973339319 0.023621462 0.999522328 -0.019928150 -0.162153214 -0.997123241 0.022119319 -0.072498322 5.156023979
-0.054624081 0.023552097 0.998229265 3.006772757 0.023231428 0.999481142 -0.022310389 -0.163165852 -0.998236775 0.021971606 -0.055142879 5.154656410
-0.033215404 0.025825653 0.999114633 3.039828062 0.021311630 0.999457121 -0.025126008 -0.164454624 -0.999221087 0.020458190 -0.033747792 5.154305458
-0.008590341 0.028765310 0.999549270 3.071906567 0.019607097 0.999398828 -0.028592471 -0.166160107 -0.999770880 0.019352641 -0.009149075 5.155100822
0.020077527 0.030401690 0.999336123 3.103214741 0.017929772 0.999365866 -0.030762823 -0.167486534 -0.999637663 0.018535512 0.019519687 5.156775475
0.053245902 0.030340128 0.998120427 3.135245800 0.015623488 0.999390662 -0.031212192 -0.168584988 -0.998459220 0.017256044 0.052739441 5.159685135
0.091530323 0.027684975 0.995417416 3.166851282 0.014358400 0.999472857 -0.029118048 -0.170083627 -0.995698810 0.016957786 0.091084599 5.163460732
0.133932650 0.023939934 0.990701318 3.196606636 0.012122661 0.999593794 -0.025793679 -0.171524554 -0.990916371 0.015464553 0.133588016 5.168724060
0.179391742 0.019501479 0.983584523 3.227014542 0.009691597 0.999719977 -0.021589009 -0.172897458 -0.983730078 0.013405395 0.179152489 5.175396442
0.227709770 0.016374579 0.973591387 3.256425619 0.004782426 0.999827743 -0.017934386 -0.173924640 -0.973717332 0.008739963 0.227592230 5.184232235
0.279584289 0.014416265 0.960012972 3.285291195 0.000437007 0.999885261 -0.015142287 -0.175457180 -0.960121095 0.004653080 0.279545903 5.194314480
0.334115803 0.014478405 0.942420840 3.312839508 0.000037728 0.999881804 -0.015374553 -0.175983667 -0.942532003 0.005172436 0.334075809 5.206075668
0.392554939 0.015063677 0.919605196 3.339813709 0.002720086 0.999842465 -0.017539144 -0.176563486 -0.919724584 0.009386484 0.392452121 5.218802452
0.453690708 0.017901398 0.890979469 3.365489960 0.003547475 0.999754012 -0.021893270 -0.177726805 -0.891152203 0.013093502 0.453515649 5.232743263
0.511813164 0.021384519 0.858830631 3.388595581 0.005000925 0.999599040 -0.027869854 -0.178639382 -0.859082282 0.018559106 0.511500955 5.250073433
0.570509553 0.027770115 0.820821345 3.411457300 0.000654607 0.999412477 -0.034267217 -0.178136095 -0.821290731 0.020087091 0.570156217 5.268108368
0.625761032 0.029356634 0.779462159 3.432102203 -0.003600883 0.999389589 -0.034748860 -0.179960608 -0.780006468 0.018937729 0.625484765 5.288266659
0.677871943 0.028908720 0.734611452 3.451308727 -0.004454813 0.999369740 -0.035216864 -0.181795865 -0.735166550 0.020599971 0.677573502 5.310062408
0.726658404 0.027894912 0.686432421 3.469007015 -0.005195052 0.999369860 -0.035112422 -0.182211936 -0.686979294 0.021948684 0.726345420 5.331569672
0.771270394 0.025648212 0.635990739 3.485128641 -0.008008991 0.999499798 -0.030595232 -0.182754636 -0.636457324 0.018503552 0.771089971 5.355882645
0.812730074 0.018521525 0.582345963 3.500028849 -0.006980240 0.999732375 -0.022054793 -0.184435859 -0.582598567 0.013859679 0.812641859 5.380279064
0.849651575 0.015475694 0.527117372 3.515130758 -0.008754947 0.999845505 -0.015242619 -0.185473621 -0.527271867 0.008336030 0.849655747 5.407793045
0.880253494 0.012616447 0.474335998 3.525206089 -0.009706665 0.999916077 -0.008582655 -0.185709253 -0.474404484 0.002950692 0.880302072 5.433236599
0.905554593 0.013584672 0.424012184 3.535590649 -0.013394501 0.999904394 -0.003428960 -0.186308026 -0.424018234 -0.002574321 0.905650020 5.461663723
0.925707221 0.014317133 0.377969772 3.543831825 -0.015913086 0.999872804 0.001099420 -0.187613398 -0.377905965 -0.007032407 0.925817251 5.487976074
0.940833092 0.020942302 0.338222533 3.552010298 -0.023415819 0.999720573 0.003234345 -0.187631205 -0.338060290 -0.010962736 0.941060603 5.519155025
0.952458501 0.024327140 0.303695470 3.559206009 -0.026324738 0.999650359 0.002484684 -0.187708631 -0.303528845 -0.010361262 0.952765942 5.549887657
0.961818397 0.027045978 0.272348851 3.567154408 -0.028801043 0.999582171 0.002447941 -0.187780976 -0.272168845 -0.010198405 0.962195456 5.581092358
0.967829287 0.022241650 0.250622749 3.572516680 -0.023638401 0.999717295 0.002563913 -0.188040465 -0.250494868 -0.008405751 0.968081415 5.605657578
0.971861005 0.018889086 0.234796599 3.580207348 -0.020130303 0.999793172 0.002890491 -0.188156337 -0.234693438 -0.007535682 0.972040236 5.638260365
0.974593580 0.022706695 0.222826779 3.586452246 -0.023943670 0.999709249 0.002850887 -0.188543051 -0.222697258 -0.008113747 0.974853873 5.671627045
0.976684332 0.027534487 0.212907299 3.593101501 -0.028982956 0.999573112 0.003684546 -0.188440874 -0.212714955 -0.009769322 0.977065444 5.706058979
0.977812827 0.034689441 0.206588387 3.597405672 -0.035819683 0.999356747 0.001732026 -0.187721118 -0.206395417 -0.009093529 0.978426397 5.733249664
0.978350937 0.040406607 0.202969715 3.604604721 -0.041003782 0.999158204 -0.001263742 -0.188549951 -0.202849910 -0.007086143 0.979184210 5.768316269
0.978035748 0.042301212 0.204099730 3.610226393 -0.042112671 0.999098957 -0.005269003 -0.188099727 -0.204138726 -0.003441912 0.978935897 5.806122303
0.977839470 0.040914230 0.205319181 3.617826223 -0.040153578 0.999162495 -0.007871709 -0.189382091 -0.205469295 -0.000547032 0.978663385 5.835757732
0.976953864 0.039156571 0.209828243 3.625433922 -0.036892872 0.999211192 -0.014693212 -0.189359307 -0.210238069 0.006613424 0.977627873 5.874072075
0.976214707 0.039808914 0.213120013 3.633853912 -0.036575556 0.999148428 -0.019094501 -0.190053925 -0.213698655 0.010845350 0.976839423 5.906744003
0.974869072 0.045068096 0.218172356 3.641515970 -0.042022865 0.998943865 -0.018580297 -0.191045508 -0.218779311 0.008945131 0.975733340 5.946700096
0.973615766 0.047848623 0.223120824 3.649811745 -0.045728654 0.998846292 -0.014661499 -0.191657558 -0.223564938 0.004071652 0.974680543 5.981844425
0.972562850 0.044860374 0.228274181 3.659259319 -0.043725666 0.998993218 -0.010028522 -0.192574307 -0.228494242 -0.000228072 0.973545253 6.022383690
0.971855283 0.040800784 0.232018426 3.668497801 -0.040892258 0.999153793 -0.004417318 -0.193195105 -0.232002318 -0.005194763 0.972701371 6.060118675
0.970986664 0.038592506 0.235999048 3.678886414 -0.039758656 0.999209285 0.000182772 -0.193917066 -0.235805392 -0.009560474 0.971753240 6.103012085
0.970556259 0.033646904 0.238513082 3.688585281 -0.034886088 0.999390841 0.000974811 -0.194364339 -0.238334998 -0.009266897 0.971138775 6.140387535
0.970507681 0.030232325 0.239167079 3.699352264 -0.030659016 0.999528050 -0.001936917 -0.195024103 -0.239112750 -0.005452834 0.970976472 6.184056282
0.970734715 0.029838467 0.238293380 3.709446907 -0.028456099 0.999552310 -0.009239812 -0.195256501 -0.238462403 0.002188507 0.971149266 6.222832203
0.970799983 0.032208879 0.237718165 3.719312906 -0.029311350 0.999446809 -0.015714414 -0.196050584 -0.238092810 0.008287713 0.971207023 6.265201092
0.971406281 0.035196539 0.234800085 3.729513168 -0.031446494 0.999311328 -0.019697512 -0.196385771 -0.235331669 0.011750648 0.971844077 6.308341503
0.971993923 0.033761807 0.232568085 3.739914894 -0.031037210 0.999400139 -0.015365702 -0.197075993 -0.232947335 0.007717106 0.972458720 6.352708817
0.972457886 0.029609717 0.231190264 3.750670195 -0.028619131 0.999561191 -0.007637968 -0.198015898 -0.231314987 0.000811138 0.972878575 6.397678852
0.973000526 0.029994909 0.228845477 3.761174917 -0.030367069 0.999536991 -0.001895810 -0.198860914 -0.228796393 -0.005104742 0.973460913 6.443805218
0.973288834 0.033441167 0.227135599 3.771250963 -0.033746175 0.999427199 -0.002541385 -0.199547976 -0.227090493 -0.005191455 0.973859847 6.490122318
0.973573387 0.038992971 0.225020945 3.781150579 -0.038340762 0.999238253 -0.007269206 -0.199976191 -0.225132987 -0.001550368 0.974326789 6.537274361
0.974434137 0.039847691 0.221111357 3.791536093 -0.037973214 0.999197721 -0.012723571 -0.200461850 -0.221440971 0.004001974 0.975165546 6.584604740
0.975379825 0.038802210 0.217091188 3.802219391 -0.036257096 0.999219239 -0.015696054 -0.201142684 -0.217530727 0.007438519 0.976025105 6.632913589
0.976333976 0.036376357 0.213187128 3.812964439 -0.034148999 0.999316990 -0.014122250 -0.202194601 -0.213555232 0.006507904 0.976909339 6.681971073
0.977092981 0.033021171 0.210235462 3.824095964 -0.031217463 0.999441862 -0.011893219 -0.203353837 -0.210510850 0.005057764 0.977578461 6.735398769
0.977553248 0.031656422 0.208296776 3.833967686 -0.030437740 0.999495685 -0.009054135 -0.204359978 -0.208478332 0.002510816 0.978023767 6.782174110
0.977881134 0.028544730 0.207204491 3.845424652 -0.027687944 0.999591887 -0.007034402 -0.204926088 -0.207320720 0.001141742 0.978272378 6.836747169
0.978184521 0.023562074 0.206397280 3.856389999 -0.022897590 0.999722064 -0.005607911 -0.205851600 -0.206472054 0.000759572 0.978452206 6.883623123
0.978233874 0.024413003 0.206064239 3.867763042 -0.024107415 0.999701381 -0.003994009 -0.206496447 -0.206100211 -0.001060601 0.978530288 6.938462257
0.978023052 0.029742396 0.206364408 3.877053022 -0.029162146 0.999557555 -0.005853644 -0.207532838 -0.206447199 -0.000293030 0.978457689 6.986880302
0.977783918 0.034744848 0.206715629 3.887879610 -0.033493496 0.999393284 -0.009551121 -0.207892880 -0.206922069 0.002415304 0.978354454 7.041945457
0.977258921 0.043923508 0.207450479 3.897625446 -0.042628892 0.999033570 -0.010709041 -0.209174171 -0.207720369 0.001622122 0.978186905 7.090917587
0.976326227 0.050235815 0.210388929 3.908882618 -0.049163461 0.998737335 -0.010327587 -0.210246325 -0.210642099 -0.000260354 0.977563202 7.146498203
0.975496888 0.052620791 0.213627905 3.918789148 -0.052067731 0.998609722 -0.008218613 -0.211329043 -0.213763371 -0.003105889 0.976880550 7.196932793
0.974956095 0.052875340 0.216020420 3.931284666 -0.052120131 0.998598516 -0.009195415 -0.212300032 -0.216203868 -0.002293885 0.976345539 7.253927231
0.974560499 0.051469319 0.218134820 3.941676378 -0.050081093 0.998674333 -0.011891884 -0.213276207 -0.218457714 0.000664930 0.975846171 7.303034782
0.974579215 0.045111109 0.219454527 3.954863310 -0.043873526 0.998981774 -0.010512195 -0.214631930 -0.219705299 0.000616724 0.975566089 7.359381676
0.974850595 0.038742788 0.219466001 3.966546297 -0.037029639 0.999243140 -0.011915738 -0.215931088 -0.219761536 0.003489318 0.975547373 7.408910751
0.974635184 0.038115501 0.220530063 3.980046272 -0.036411710 0.999267340 -0.011787253 -0.217526615 -0.220817760 0.003458396 0.975308955 7.465911388
0.974121332 0.040240455 0.222414702 3.990355968 -0.039187633 0.999190032 -0.009146649 -0.218301669 -0.222602606 0.000194041 0.974909246 7.514952660
0.973662198 0.042380925 0.224021867 4.002715111 -0.042715419 0.999081671 -0.003355096 -0.219456434 -0.223958328 -0.006302457 0.974578321 7.572311401
0.973318279 0.045815490 0.224838659 4.013484955 -0.047181103 0.998886108 0.000701734 -0.220280468 -0.224556059 -0.011291148 0.974395752 7.621342659
0.973113775 0.044780508 0.225929886 4.026325703 -0.044629134 0.998986900 -0.005780176 -0.221375048 -0.225959837 -0.004458286 0.974126399 7.677584648
0.973475993 0.040694661 0.225141004 4.037837505 -0.037126500 0.999109209 -0.020061446 -0.222770423 -0.225756839 0.011170638 0.974119663 7.724359035
0.973798454 0.038475506 0.224134386 4.051374435 -0.032747820 0.999036491 -0.029217558 -0.224108934 -0.225042596 0.021112101 0.974120200 7.779711723
0.974013507 0.035559651 0.223680958 4.062239170 -0.031892713 0.999291480 -0.019986151 -0.225246668 -0.224233165 0.012332989 0.974457502 7.827723026
0.974420607 0.028806500 0.222878128 4.075380325 -0.029698433 0.999558687 0.000650479 -0.226523146 -0.222761035 -0.007252971 0.974846125 7.885280132
0.974642694 0.025431640 0.222317085 4.086033821 -0.029656230 0.999437094 0.015684363 -0.227692515 -0.221793056 -0.021879734 0.974848270 7.934546471
