0.999980956 -0.004596025 -0.003639150 0.000268171 0.004597812 0.999985159 0.000157581 -0.001377116 0.003634192 -0.000175267 0.999990672 0.037555117
0.999963612 -0.003210788 -0.007660801 -0.000346142 0.003201784 0.999989570 -0.001358218 -0.001538715 0.007660834 0.001332592 0.999966949 0.077570763
0.999935984 -0.003218091 -0.010511231 -0.001546981 0.003191172 0.999985427 -0.002988563 -0.001538391 0.010515808 0.002951287 0.999935806 0.116987210
0.999859006 -0.001655129 -0.016577440 -0.002169122 0.001596430 0.999988049 -0.003686917 -0.001695184 0.016579572 0.003658049 0.999853075 0.160598807
0.999784768 -0.003115541 -0.020357004 -0.003340237 0.003052589 0.999984383 -0.003264350 -0.002601382 0.020361361 0.003198973 0.999783754 0.197350897
0.999677748 -0.001411246 -0.025223404 -0.004435105 0.001301932 0.999983609 -0.004473432 -0.003104633 0.025223958 0.004436527 0.999668002 0.239524491
0.999559253 0.000965727 -0.029563262 -0.006531800 -0.001095381 0.999983341 -0.004470489 -0.004025343 0.029552634 0.004498383 0.999548972 0.281489864
0.999433011 0.001353213 -0.033565626 -0.008913663 -0.001451810 0.999988615 -0.003008572 -0.004291680 0.033555845 0.003053345 0.999427647 0.330100864
0.999260515 0.000517094 -0.038354945 -0.010083331 -0.000532122 0.999992281 -0.000470960 -0.004422570 0.038347356 0.000488315 0.999259115 0.367759273
0.999129474 0.000038832 -0.041633217 -0.012325620 0.000058894 0.999990702 0.002263796 -0.004951604 0.041626511 -0.002267132 0.999125928 0.414743736
0.999036074 0.001655662 -0.043764752 -0.015106467 -0.001566362 0.999989957 0.001968105 -0.005664033 0.043761034 -0.001901806 0.999034941 0.462678894
0.998927146 0.001037021 -0.046239163 -0.017150737 -0.000972926 0.999992133 0.001347973 -0.005535988 0.046234235 -0.001303595 0.998925060 0.503299713
0.998839468 -0.001982460 -0.048071452 -0.019556177 0.002027955 0.999991476 0.000851231 -0.005752980 0.048063737 -0.000949368 0.998839527 0.554492384
0.998705387 -0.002483191 -0.050726270 -0.021040901 0.002601857 0.999984383 0.002175790 -0.006131885 0.050711159 -0.002308394 0.998703123 0.594474554
0.998625814 -0.004289712 -0.052145651 -0.023665844 0.004393464 0.999978811 0.001771273 -0.006285216 0.052127877 -0.002001767 0.998630643 0.642629861
0.998525560 -0.002128094 -0.054168755 -0.026209264 0.002131937 0.999988645 -0.000064767 -0.007223047 0.054159947 -0.000053918 0.998525620 0.689629376
0.998451680 -0.001681046 -0.055512159 -0.029225437 0.001519887 0.999984801 -0.003080366 -0.007280045 0.055508316 0.002986373 0.998445064 0.737162917
0.998366535 0.002160659 -0.057021653 -0.032575659 -0.002407596 0.999978364 -0.004374481 -0.008114757 0.057003085 0.004500685 0.998355657 0.785302042
0.998315990 0.003128205 -0.057855785 -0.035789233 -0.003371050 0.999975622 -0.004182110 -0.008598846 0.057832373 0.004366829 0.998309195 0.833988726
0.998214632 0.002266888 -0.059598870 -0.038450655 -0.002407033 0.999983341 -0.002401012 -0.009347838 0.059582772 0.002535284 0.998210937 0.881835610
0.998094976 0.002894177 -0.061542215 -0.041412527 -0.002930724 0.999985069 -0.000638781 -0.009905963 0.061530398 0.000812630 0.998095125 0.934117824
0.998082787 0.002752558 -0.061764082 -0.044985082 -0.002796064 0.999985934 -0.000726345 -0.010532303 0.061752815 0.000893597 0.998082280 0.980785996
0.997969628 0.002388356 -0.063566001 -0.048552757 -0.002493926 0.999986052 -0.001697141 -0.011022428 0.063552713 0.001847145 0.997968287 1.032991618
0.997914195 0.001523109 -0.064472031 -0.051565163 -0.001663367 0.999985814 -0.002229736 -0.011604007 0.064459126 0.002328301 0.997908324 1.080472172
0.997885555 0.001113270 -0.064909395 -0.055033204 -0.001139542 0.999987155 -0.000470665 -0.012110365 0.064897448 0.000539231 0.997882039 1.132547557
0.997861266 0.002681643 -0.065254330 -0.058077835 -0.002514239 0.999982238 0.002555137 -0.012465694 0.065250710 -0.002389030 0.997856349 1.182915271
0.997932047 0.003620271 -0.064097539 -0.061978259 -0.003219718 0.999964744 0.006240087 -0.012789751 0.064108533 -0.006025654 0.997915685 1.233927489
0.998021454 0.002635856 -0.062763578 -0.064708859 -0.002055697 0.999945610 0.009213985 -0.012847690 0.062776356 -0.009070044 0.997977794 1.284558653
0.998127162 0.003240337 -0.061030781 -0.068265553 -0.002644720 0.999940455 0.009736197 -0.012941903 0.061051621 -0.009560028 0.998080730 1.336518585
0.998217016 0.003074000 -0.059534676 -0.071408983 -0.002634862 0.999957174 0.007340096 -0.013413479 0.059544204 -0.007174223 0.998189479 1.387307226
0.998288184 0.003796257 -0.058295816 -0.075068812 -0.003636960 0.999977320 0.002746726 -0.013744168 0.058294570 -0.002533189 0.998286307 1.439520002
0.998343527 0.003412854 -0.057369072 -0.077858519 -0.003432179 0.999982238 -0.000363514 -0.013922308 0.057357717 0.000556250 0.998342663 1.491072118
0.998378396 0.001027912 -0.056836637 -0.080783300 -0.001015717 0.999988705 0.000124786 -0.013667101 0.056826763 -0.000071131 0.998374880 1.543826938
0.998386889 -0.000349547 -0.056678117 -0.083900183 0.000655759 0.999972582 0.005247466 -0.014288683 0.056662975 -0.005281205 0.998368323 1.596483648
0.998316586 -0.004205755 -0.057769206 -0.086580828 0.004735813 0.999937296 0.008920114 -0.014806637 0.057718106 -0.009182889 0.998280585 1.649944544
0.998209059 -0.010961534 -0.058713594 -0.089477014 0.011458073 0.999886811 0.007996599 -0.014572469 0.058605850 -0.008659730 0.998230993 1.702716470
0.998100847 -0.013115135 -0.060136558 -0.092497260 0.013392665 0.999892085 0.004111597 -0.014875523 0.060068616 -0.004912167 0.998173028 1.756102085
0.998021483 -0.013280422 -0.061404217 -0.095932010 0.013326023 0.999900014 0.000248240 -0.015261541 0.061385974 -0.001068629 0.998103828 1.809955597
0.997882574 -0.012157134 -0.063849688 -0.099557370 0.012161367 0.999914676 -0.000394604 -0.015711567 0.063840266 -0.000384991 0.997950405 1.865940451
0.997861177 -0.012195597 -0.064174961 -0.103297938 0.012301367 0.999912470 0.001182083 -0.016300346 0.064146109 -0.001971307 0.997929096 1.917783142
0.997806460 -0.008996430 -0.065528776 -0.106978897 0.009286734 0.999937147 0.004025175 -0.016984209 0.065479305 -0.004628296 0.997832776 1.972499431
0.997730493 -0.009204904 -0.066656455 -0.111040849 0.009576392 0.999930710 0.005178838 -0.017117220 0.066596221 -0.005808081 0.997754395 2.027087450
0.997659355 -0.007654995 -0.067885782 -0.115147352 0.008181561 0.999929040 0.007381091 -0.017075153 0.067815721 -0.007923399 0.997657299 2.084176838
0.997702301 -0.007814213 -0.067251328 -0.119021539 0.008562445 0.999895007 0.010786612 -0.017888744 0.067151450 -0.011339993 0.997670293 2.136722028
0.997691035 -0.002127445 -0.067841202 -0.123760600 0.003046635 0.999896258 0.013368299 -0.018027153 0.067798280 -0.013546839 0.997598261 2.192301154
0.997695357 -0.001949955 -0.067774824 -0.127436134 0.002815164 0.999906302 0.012600326 -0.018149505 0.067735292 -0.012764982 0.997613132 2.245620489
0.997696698 -0.001814265 -0.067771595 -0.130967219 0.002581908 0.999923856 0.011182690 -0.018523577 0.067738283 -0.011333901 0.997630000 2.299927116
0.997706801 0.000861085 -0.067635990 -0.135375447 -0.000272775 0.999952197 0.008638995 -0.018322017 0.067631953 -0.008603175 0.997664392 2.353644967
0.997636050 0.000315522 -0.068652578 -0.138918161 0.000297694 0.999947369 0.008871718 -0.018784079 0.068640065 -0.008873600 0.997592658 2.407930732
0.997560769 -0.001383122 -0.069751359 -0.142984636 0.002063467 0.999940425 0.009621510 -0.018417358 0.069725376 -0.009744111 0.997509152 2.462563634
0.997516036 -0.000990820 -0.070385102 -0.146835871 0.001771345 0.999925106 0.010970021 -0.018783568 0.070358421 -0.011069693 0.997449696 2.516403437
0.997518420 0.001511177 -0.070347923 -0.151261561 -0.001006614 0.999962836 0.007134858 -0.019098893 0.070347507 -0.007048914 0.997487933 2.569594741
0.997431636 0.002286959 -0.071567089 -0.155067414 -0.002063878 0.999983579 0.003158401 -0.019459057 0.071566805 -0.003003553 0.997423142 2.623311639
0.997386485 0.002748800 -0.072180964 -0.159125425 -0.002629753 0.999985754 0.001704065 -0.019626358 0.072178949 -0.001510826 0.997381986 2.676660061
0.997394473 0.001654494 -0.072092716 -0.163133264 -0.001261854 0.999974519 0.005455779 -0.020462310 0.072092496 -0.005351874 0.997375458 2.729991913
0.997380496 0.000207774 -0.072311219 -0.166954033 0.000401094 0.999956429 0.008365607 -0.020711073 0.072303891 -0.008373943 0.997339964 2.783203840
0.997354209 -0.001722735 -0.072649590 -0.170621261 0.002392389 0.999946863 0.009081704 -0.021018507 0.072623771 -0.009233047 0.997308552 2.835879683
0.997347355 -0.004673563 -0.072619613 -0.174819521 0.005276443 0.999945492 0.008057607 -0.021555317 0.072573144 -0.008420767 0.997319698 2.888230205
0.997312546 -0.007237166 -0.072884973 -0.178375662 0.007750176 0.999938458 0.006716483 -0.021868527 0.072825905 -0.007264512 0.997310161 2.940180779
0.997237712 -0.008518704 -0.073757883 -0.182421617 0.009119469 0.999919296 0.007756954 -0.022195711 0.073679343 -0.008409965 0.997238368 2.992188096
0.997104168 -0.011839990 -0.075108614 -0.185880870 0.012763751 0.999841064 0.011800008 -0.022066506 0.074952610 -0.012725219 0.997098535 3.044506192
0.997050672 -0.012728435 -0.075672351 -0.189747207 0.014050955 0.999749869 0.016931290 -0.022111583 0.075434122 -0.017945367 0.996981412 3.096768022
0.997020752 -0.011008754 -0.076333817 -0.193842485 0.012496682 0.999733001 0.019011734 -0.022102262 0.076099958 -0.019909669 0.996893645 3.148964525
0.996918141 -0.010016344 -0.077798218 -0.198066168 0.011239329 0.999812901 0.015262747 -0.022326066 0.077627562 -0.016090740 0.996845216 3.200446605
0.996842116 -0.008200587 -0.078972771 -0.202345408 0.008812928 0.999925732 0.007376380 -0.022328107 0.078901961 -0.008049828 0.996842116 3.250750899
0.996819585 -0.006407912 -0.079421010 -0.206973039 0.006631137 0.999966413 0.002517149 -0.022665145 0.079397466 -0.003036542 0.996830523 3.301192999
0.996752202 -0.001463429 -0.080508333 -0.211341113 0.001753926 0.999984741 0.003519458 -0.023318843 0.080498006 -0.003649662 0.996741026 3.350880384
0.996655494 0.001218165 -0.081701666 -0.215955630 -0.000743568 0.999975384 0.005807320 -0.023755142 0.081703592 -0.005727737 0.996632815 3.400334120
0.996586829 0.004334505 -0.082433574 -0.220582039 -0.003753552 0.999959886 0.007187117 -0.024515209 0.082458678 -0.006853411 0.996563912 3.449347377
0.996495097 0.004769375 -0.083511095 -0.224665501 -0.004207122 0.999959678 0.006887608 -0.024824212 0.083537761 -0.006512453 0.996475726 3.495991468
0.996347367 0.006919411 -0.085107074 -0.228855826 -0.006267475 0.999942213 0.007899016 -0.025395153 0.085154283 -0.007337194 0.996333867 3.542699337
0.996234208 0.007563269 -0.086364281 -0.232927493 -0.006862346 0.999933869 0.008398644 -0.025855460 0.086417991 -0.007774691 0.996221930 3.588811397
0.996114463 0.007266848 -0.087762986 -0.237189710 -0.006504202 0.999931246 0.008960848 -0.026256233 0.087818817 -0.008355467 0.996094316 3.634043456
0.996024579 0.006937131 -0.088805989 -0.241150729 -0.006083890 0.999926359 0.009863787 -0.026264883 0.088865831 -0.009284463 0.995993942 3.678714991
0.995866567 0.009874688 -0.090286407 -0.245423346 -0.008767119 0.999875456 0.012645135 -0.026721412 0.090397525 -0.011801543 0.995829910 3.722587108
0.995729983 0.011336412 -0.091612015 -0.249670140 -0.009851838 0.999807268 0.016633094 -0.026781831 0.091780662 -0.015659694 0.995650470 3.766125083
0.995558113 0.014566554 -0.093011033 -0.254523367 -0.012927062 0.999745607 0.018196245 -0.026748918 0.093249846 -0.016913315 0.995494127 3.809167742
0.995402783 0.017388995 -0.094180330 -0.259047955 -0.016120934 0.999763578 0.014188506 -0.027073030 0.094402075 -0.012605522 0.995448768 3.850567817
0.995268613 0.017522713 -0.095566399 -0.263133265 -0.016960791 0.999828785 0.006677822 -0.027247920 0.095665354 -0.005025551 0.995395869 3.890857100
0.995129168 0.016694116 -0.097154003 -0.266698629 -0.016660432 0.999854744 0.001146728 -0.027952893 0.097157363 0.000477307 0.995263189 3.930247664
0.995103777 0.017345045 -0.097299080 -0.271107421 -0.017456641 0.999842435 -0.000297591 -0.027832125 0.097276393 0.001994588 0.995250493 3.968187332
0.994964898 0.020144577 -0.098176197 -0.275006264 -0.019932071 0.999791414 0.003132806 -0.028272305 0.098217004 -0.001160431 0.995159447 4.005315185
0.994794369 0.020452706 -0.099825054 -0.278765157 -0.019983849 0.999779165 0.005678896 -0.029289406 0.099916809 -0.003654877 0.994984239 4.042222619
0.994763821 0.017055288 -0.100763295 -0.282152176 -0.016919687 0.999849826 0.002190316 -0.029529841 0.100783147 -0.000474271 0.994903951 4.076681137
0.994878054 0.009281221 -0.100653492 -0.285227015 -0.009628047 0.999943942 -0.002966759 -0.030038716 0.100618411 0.003920532 0.994912178 4.110825539
0.995024622 0.004988272 -0.099500082 -0.288317814 -0.005806164 0.999946088 -0.007949563 -0.030373555 0.099452693 0.008487313 0.995000750 4.143118500
0.995318681 0.007343260 -0.096364487 -0.291649013 -0.008145162 0.999929190 -0.007939984 -0.031153998 0.096296735 0.008687508 0.995308905 4.175395727
0.995639473 0.012495528 -0.092439093 -0.294948951 -0.013030105 0.999897003 -0.005201085 -0.031719100 0.092362494 0.006382438 0.995700509 4.207243085
0.996070802 0.010827913 -0.087893431 -0.297294468 -0.011051723 0.999931902 -0.002070392 -0.032260337 0.087863144 0.003033437 0.996123195 4.237934112
0.996584505 0.007148970 -0.082265653 -0.299235791 -0.007001292 0.999969095 0.002070935 -0.032781577 0.082276028 -0.001488153 0.996604383 4.268226862
0.997254520 0.002861043 -0.073992290 -0.300913841 -0.002460276 0.999977708 0.005494031 -0.033212684 0.074004955 -0.005297077 0.997239708 4.296993732
0.997978658 0.006461054 -0.063215334 -0.302760214 -0.006143614 0.999963254 0.005190919 -0.033652600 0.063244682 -0.004792408 0.997982234 4.325777769
0.998771071 0.011712290 -0.048151836 -0.304182738 -0.011486909 0.999916792 0.004924639 -0.034276871 0.048203571 -0.004365774 0.998822987 4.352933407
0.999405265 0.016893470 -0.030043145 -0.304964095 -0.016742664 0.999841630 0.005189822 -0.034421645 0.030123846 -0.004684319 0.999530495 4.380186319
0.999850571 0.015217202 -0.008165282 -0.304014489 -0.015171077 0.999865949 0.005480882 -0.034445584 0.008246177 -0.005356508 0.999947667 4.406324386
0.999766141 0.011794610 0.018115148 -0.302306920 -0.011912581 0.999903798 0.006493084 -0.034770328 -0.018038026 -0.006707572 0.999810606 4.431583643
0.998800546 0.010676246 0.047782472 -0.300027534 -0.011086314 0.999899357 0.008334214 -0.035366451 -0.047690345 -0.008854043 0.998818606 4.456099510
0.996673464 0.010355515 0.080835950 -0.297101408 -0.011148591 0.999890298 0.009382764 -0.035412651 -0.080730699 -0.010252917 0.996679604 4.480427504
0.992890090 0.010587406 0.118561793 -0.293029547 -0.011798497 0.999881387 0.009528457 -0.035424615 -0.118447583 -0.010859698 0.992897183 4.504173994
0.987070889 0.010723076 0.159925036 -0.287794233 -0.012362239 0.999877840 0.009261085 -0.035549815 -0.159805909 -0.011118353 0.987082929 4.526638985
0.978651494 0.010272211 0.205269777 -0.281713918 -0.012375090 0.999881476 0.008964635 -0.035854855 -0.205152974 -0.011313451 0.978662759 4.548817158
0.967087329 0.012933846 0.254115433 -0.274761975 -0.015176737 0.999859214 0.006868851 -0.036249098 -0.253990144 -0.010499361 0.967147798 4.569891691
0.951634586 0.013901448 0.306916892 -0.266457171 -0.015763388 0.999867558 0.003590717 -0.036583016 -0.306825548 -0.008254901 0.951728195 4.589683533
0.931862771 0.014488526 0.362520829 -0.256662145 -0.015941096 0.999870628 0.001014628 -0.036650023 -0.362458289 -0.006724628 0.931974054 4.609482527
0.907586664 0.015426211 0.419579625 -0.246027991 -0.016369106 0.999863655 -0.001353619 -0.036858001 -0.419542596 -0.005639827 0.907717317 4.627631188
0.878442020 0.015389623 0.477599353 -0.234399289 -0.015693210 0.999869465 -0.003354646 -0.037250186 -0.477587864 -0.004548311 0.878571123 4.644995451
0.845041483 0.014011671 0.534516573 -0.221262380 -0.012966724 0.999898762 -0.005711697 -0.037576071 -0.534542083 -0.002104418 0.845138550 4.661168575
0.808155984 0.014232731 0.588795245 -0.207101256 -0.011926872 0.999897659 -0.007800179 -0.037736012 -0.588846326 -0.000719181 0.808244437 4.676599265
0.768157721 0.012899508 0.640127540 -0.192647010 -0.010691592 0.999914437 -0.007320849 -0.038122687 -0.640168190 -0.001222315 0.768232733 4.690543413
0.725817233 0.012550471 0.687770694 -0.176578701 -0.012112555 0.999910205 -0.005464007 -0.038517110 -0.687779248 -0.004365878 0.725906491 4.703705073
0.680823087 0.012025078 0.732346743 -0.160309494 -0.011061316 0.999918432 -0.006135787 -0.038450512 -0.732362658 -0.003924690 0.680902988 4.715484857
0.634119094 0.010597491 0.773159891 -0.142874599 -0.007486543 0.999941468 -0.007565776 -0.038936364 -0.773197681 -0.000992293 0.634163827 4.726654052
0.587272852 0.008033700 0.809346080 -0.124986887 -0.001909313 0.999959559 -0.008540390 -0.039409686 -0.809385360 0.003468509 0.587267041 4.736340285
0.540476620 0.010179765 0.841294676 -0.106879890 -0.003689221 0.999943852 -0.009729220 -0.039979636 -0.841349959 0.002153021 0.540485799 4.745508194
0.493210763 0.013122250 0.869808048 -0.088456094 -0.007280366 0.999911428 -0.010956774 -0.040598068 -0.869878381 -0.000930389 0.493264526 4.754038572
0.447550058 0.015444313 0.894121856 -0.069673777 -0.008000077 0.999877513 -0.013266794 -0.041109971 -0.894221514 -0.001218356 0.447621256 4.761506558
0.405328423 0.012765923 0.914078891 -0.050044775 -0.000637401 0.999903739 -0.013681930 -0.041527078 -0.914170056 0.004961046 0.405299633 4.767568588
0.365993142 0.005305924 0.930599063 -0.029631258 0.014656347 0.999823987 -0.011464766 -0.041523723 -0.930501461 0.017833593 0.365853072 4.772377729
0.330069214 0.002045824 0.943951606 -0.008933782 0.018912639 0.999780088 -0.008779718 -0.041543409 -0.943766862 0.020749060 0.329958886 4.777734756
0.296902448 0.005681094 0.954887390 0.011465073 0.016575003 0.999798536 -0.011101980 -0.042268895 -0.954762787 0.019120566 0.296750009 4.782975673
0.266802549 0.013211461 0.963658214 0.033228278 0.005918853 0.999862283 -0.015346517 -0.043256724 -0.963733047 0.009798226 0.266687899 4.788361072
0.238405168 0.017815131 0.971000016 0.055133461 0.001207794 0.999823094 -0.018640533 -0.044328101 -0.971165031 0.005616909 0.238341421 4.793261767
0.213032722 0.019225607 0.976853847 0.077829361 0.002729489 0.999788761 -0.020272365 -0.045368692 -0.977041215 0.006985687 0.212935388 4.796921015
0.189498067 0.020710437 0.981660396 0.101115584 0.010498468 0.999675393 -0.023117154 -0.045835135 -0.981824935 0.014686917 0.189219325 4.799938441
0.169593961 0.026872780 0.985145480 0.124937176 0.017609498 0.999383807 -0.030292684 -0.045867610 -0.985356748 0.022485576 0.169016510 4.802278518
0.149403960 0.033686787 0.988200039 0.149191379 0.019522608 0.999121904 -0.037010619 -0.045966983 -0.988583506 0.024821520 0.148614913 4.805308342
0.131422311 0.034523443 0.990723073 0.175032616 0.016997884 0.999165863 -0.037072463 -0.046901974 -0.991180777 0.021712123 0.130726338 4.808691264
0.116170525 0.030199262 0.992767542 0.201862097 0.015163387 0.999364764 -0.032174026 -0.048309025 -0.993113339 0.018790316 0.115638226 4.811299801
0.101186424 0.027028006 0.994497508 0.229351878 0.015652611 0.999461115 -0.028755074 -0.049572796 -0.994744092 0.018474773 0.100707829 4.813906908
0.088186026 0.024484752 0.995800466 0.257500530 0.018075799 0.999491274 -0.026175955 -0.050617606 -0.995939851 0.020307144 0.087697804 4.815523386
0.076757938 0.023603122 0.996767879 0.286599278 0.022224477 0.999428093 -0.025377178 -0.051510044 -0.996801763 0.024099661 0.076187968 4.816823244
0.066625834 0.024376628 0.997477412 0.316736460 0.025095790 0.999341518 -0.026098154 -0.052351307 -0.997462154 0.026770258 0.065969289 4.818182945
0.058500081 0.025329586 0.997962296 0.347792744 0.027162746 0.999264329 -0.026954137 -0.053104713 -0.997917085 0.028681359 0.057767897 4.819607019
0.052673816 0.025360332 0.998286069 0.380494237 0.028751512 0.999221415 -0.026900585 -0.054190035 -0.998197168 0.030116594 0.051902860 4.821225166
0.046361476 0.026541722 0.998567254 0.413586258 0.030058628 0.999153674 -0.027951734 -0.055186630 -0.998470903 0.031307161 0.045523166 4.822770595
0.040594846 0.026984655 0.998807311 0.447578549 0.030734721 0.999125302 -0.028241715 -0.056365144 -0.998702049 0.031841351 0.039729029 4.823743582
0.035105944 0.027729799 0.998991549 0.483583093 0.032491568 0.999050379 -0.028873166 -0.057385821 -0.998852730 0.033465510 0.034172058 4.824753046
0.032521606 0.027533251 0.999085218 0.520100474 0.033986982 0.999008268 -0.028637475 -0.058651033 -0.998890370 0.034881035 0.031554013 4.825466156
0.028061628 0.027739804 0.999208540 0.558824659 0.034403700 0.998989641 -0.028701661 -0.059897076 -0.999007642 0.035169618 0.027081281 4.826667547
0.025652259 0.027109966 0.999289990 0.597382426 0.036570048 0.998931379 -0.028041066 -0.061226547 -0.998994857 0.037250673 0.024635970 4.827613592
0.025547088 0.026738177 0.999304324 0.641154885 0.041391475 0.998749584 -0.027782075 -0.063294642 -0.998812169 0.042061646 0.024409741 4.826163768
0.026581794 0.026555915 0.999282092 0.682488084 0.044990908 0.998595506 -0.027733812 -0.064526614 -0.998629242 0.045684730 0.025349587 4.827019214
0.029480100 0.026391760 0.999203921 0.724178076 0.047053316 0.998498767 -0.027761154 -0.066005856 -0.998452663 0.047822241 0.028194547 4.827598095
0.038081974 0.024352540 0.998973518 0.779655457 0.049939926 0.998405039 -0.026244485 -0.071628385 -0.998022944 0.050892586 0.036803335 4.820342302
0.042523951 0.023675246 0.998810142 0.822992801 0.050275111 0.998399109 -0.025808023 -0.073096309 -0.997826725 0.051317783 0.041263640 4.822191238
0.046459735 0.021999411 0.998674482 0.867889046 0.051870976 0.998353631 -0.024407418 -0.074456870 -0.997569918 0.052939702 0.045240552 4.824275732
0.050622672 0.020844821 0.998495222 0.915294409 0.051788958 0.998379409 -0.023471161 -0.076060533 -0.997370213 0.052904355 0.049458713 4.825550079
0.055052549 0.018789058 0.998301685 0.961496234 0.048784296 0.998575508 -0.021487323 -0.077312317 -0.997287214 0.049889468 0.054055333 4.828158141
0.058938801 0.017609487 0.998102039 1.008230805 0.048172645 0.998626769 -0.020465961 -0.078933179 -0.997095466 0.049291814 0.058007449 4.831256867
0.062866598 0.018359138 0.997848779 1.056713105 0.044622273 0.998777449 -0.021188139 -0.081550050 -0.997021139 0.045862682 0.061970144 4.834401846
0.065973431 0.022234571 0.997569889 1.104123592 0.042332750 0.998787582 -0.025061627 -0.083434675 -0.996920705 0.043887135 0.064952075 4.837722778
0.067156255 0.027350893 0.997363895 1.152457118 0.036205174 0.998897702 -0.029831679 -0.085910995 -0.997082830 0.038116623 0.066091389 4.841510296
0.066643298 0.030699793 0.997300894 1.200108051 0.033356029 0.998897851 -0.032979004 -0.087470021 -0.997216732 0.035467338 0.065545082 4.845313311
0.066934169 0.030245034 0.997295499 1.248728156 0.031177380 0.998987198 -0.032389980 -0.089601136 -0.997268141 0.033264555 0.065922439 4.848849535
0.067068427 0.028363364 0.997340948 1.296667457 0.028375285 0.999134958 -0.030323137 -0.091906380 -0.997342795 0.030337977 0.066205144 4.852288484
0.066511393 0.026930789 0.997419119 1.345483422 0.029487041 0.999144435 -0.028944958 -0.094343230 -0.997347892 0.031339161 0.065659344 4.855939150
0.067155302 0.026287830 0.997391671 1.394041062 0.026928252 0.999238223 -0.028151827 -0.096525271 -0.997376233 0.028753176 0.066394359 4.859457016
0.066627890 0.026879202 0.997412443 1.442037583 0.025618835 0.999259144 -0.028641692 -0.098553334 -0.997447222 0.027464246 0.065888494 4.863452911
0.066456616 0.027586987 0.997404844 1.490048051 0.022729132 0.999313950 -0.029155380 -0.100506793 -0.997529209 0.024610577 0.065782428 4.867293358
0.065013229 0.028864738 0.997463941 1.538043976 0.019417845 0.999353051 -0.030186085 -0.103075508 -0.997694403 0.021333548 0.064408958 4.870843172
0.061856389 0.028510246 0.997674823 1.585973382 0.016618209 0.999421507 -0.029591311 -0.105017946 -0.997945815 0.018412785 0.061345726 4.874533653
0.057486176 0.027248938 0.997972668 1.633859873 0.014297799 0.999500334 -0.028114267 -0.107441183 -0.998243660 0.015885053 0.057066441 4.877487183
0.052738875 0.025041181 0.998292297 1.682011724 0.012092012 0.999593467 -0.025712679 -0.109315384 -0.998534590 0.013427499 0.052412450 4.880435467
0.046500295 0.022581442 0.998661280 1.729627728 0.010252645 0.999678910 -0.023081827 -0.111855574 -0.998865336 0.011312202 0.046252370 4.882126808
0.039153159 0.023078349 0.998965055 1.776898623 0.009876418 0.999673337 -0.023481854 -0.113569387 -0.999183923 0.010785660 0.038910716 4.883929491
0.029683113 0.023677611 0.999277234 1.825030922 0.009081033 0.999669969 -0.023956295 -0.115912802 -0.999517768 0.009784667 0.029457152 4.884803772
0.019758105 0.024035683 0.999514252 1.871465445 0.009423558 0.999660551 -0.024225283 -0.117709648 -0.999760240 0.009896731 0.019524306 4.885529995
0.009086907 0.022971885 0.999693215 1.920175433 0.010688301 0.999675185 -0.023068376 -0.119715958 -0.999901413 0.010893614 0.008837790 4.885457278
-0.002111017 0.022048597 0.999753326 1.967117548 0.010199998 0.999704003 -0.022025628 -0.121511727 -0.999945492 0.010150027 -0.002336085 4.885573148
-0.013248026 0.021752974 0.999672502 2.016342521 0.011139152 0.999701738 -0.021605715 -0.122910478 -0.999849796 0.010847327 -0.013487160 4.884280205
-0.025185287 0.022165542 0.999432802 2.062861085 0.011141651 0.999695748 -0.021890111 -0.124565728 -0.999618977 0.010579907 -0.025425196 4.882846833
-0.036296427 0.022741151 0.999078393 2.108592868 0.011420686 0.999682963 -0.022339741 -0.126255963 -0.999274194 0.010595383 -0.036545038 4.881240368
-0.046253144 0.024169573 0.998632878 2.154276371 0.011270998 0.999653011 -0.023671743 -0.127618432 -0.998864859 0.010156814 -0.046510518 4.877779722
-0.055241763 0.025887459 0.998134107 2.203074217 0.011562545 0.999609858 -0.025285674 -0.128692069 -0.998405993 0.010144789 -0.055518210 4.872505188
-0.065033793 0.026724490 0.997520715 2.248172880 0.012193719 0.999583632 -0.025984892 -0.130306616 -0.997808457 0.010472246 -0.065332473 4.869516611
-0.073180438 0.026394127 0.996965260 2.298264027 0.011776656 0.999599069 -0.025597685 -0.134671815 -0.997247606 0.009871326 -0.073459446 4.861149788
-0.082255900 0.027086542 0.996239215 2.342357755 0.012830737 0.999572963 -0.026116592 -0.135956109 -0.996527612 0.010637468 -0.082566559 4.857028485
-0.090344429 0.026642281 0.995548814 2.401184558 0.014707285 0.999565750 -0.025414583 -0.138810099 -0.995799571 0.012351216 -0.090697109 4.849239588
-0.097723604 0.025428972 0.994884253 2.443817734 0.016192227 0.999578864 -0.023957965 -0.140623234 -0.995080323 0.013772464 -0.098094106 4.844480753
-0.101812601 0.023471375 0.994518787 2.492417693 0.019333203 0.999577224 -0.021610873 -0.143695324 -0.994609982 0.017034192 -0.102223575 4.837364435
-0.105141759 0.021765107 0.994211137 2.534317494 0.022042555 0.999563336 -0.019550182 -0.145232499 -0.994207382 0.019866880 -0.105575621 4.831938267
-0.108783185 0.020630518 0.993845135 2.577892304 0.023916115 0.999546945 -0.018131873 -0.147125878 -0.993773758 0.021802731 -0.109228611 4.827343703
-0.110390484 0.019772476 0.993685961 2.618650675 0.023989366 0.999561250 -0.017224896 -0.148562327 -0.993595422 0.021942134 -0.110817552 4.822617292
-0.111569763 0.020733924 0.993535339 2.659644842 0.025770309 0.999503254 -0.017965833 -0.149385765 -0.993419975 0.023604281 -0.112050950 4.818107605
-0.110518814 0.021925926 0.993625968 2.698683262 0.027504614 0.999434828 -0.018998566 -0.150226161 -0.993488848 0.025235304 -0.111066341 4.813594102
-0.107048690 0.022976468 0.993982553 2.735042572 0.026690973 0.999436110 -0.020229495 -0.152760476 -0.993891985 0.024370641 -0.107603728 4.808873891
-0.102104187 0.023504868 0.994489581 2.771413445 0.026840953 0.999418646 -0.020866990 -0.154039122 -0.994407773 0.024568945 -0.102677822 4.805665255
-0.094232261 0.024238434 0.995248467 2.806911826 0.026621684 0.999404281 -0.021819383 -0.155610308 -0.995190501 0.024445880 -0.094822467 4.801734686
-0.083333194 0.023952788 0.996229262 2.841274619 0.025093917 0.999441594 -0.021931788 -0.157237403 -0.996203631 0.023176335 -0.083889306 4.799498081
-0.069074095 0.024100791 0.997312844 2.874490738 0.024549136 0.999442786 -0.022454165 -0.158922195 -0.997304648 0.022939750 -0.069629848 4.796695470
-0.051475942 0.025889645 0.998330950 2.906199098 0.024246790 0.999398261 -0.024669880 -0.159955211 -0.998374402 0.022943946 -0.052075386 4.795456171
-0.030450285 0.028039553 0.999136717 2.937358618 0.021787485 0.999384880 -0.027383619 -0.161711745 -0.999294907 0.020941091 -0.031043708 4.794125318
-0.005994022 0.031055991 0.999493719 2.968300343 0.019427281 0.999329835 -0.030933900 -0.163300797 -0.999789983 0.019238118 -0.006593049 4.795041561
0.022962004 0.032527243 0.999200701 2.998009682 0.017883473 0.999294877 -0.032941294 -0.164791458 -0.999572277 0.018631869 0.022363990 4.795588970
0.056013524 0.032168901 0.997906178 3.028466702 0.015771043 0.999325782 -0.033100609 -0.166063250 -0.998301655 0.017597299 0.055467993 4.798501491
0.094299912 0.029551303 0.995099515 3.058836102 0.014539771 0.999409914 -0.031058167 -0.167652301 -0.995433778 0.017402618 0.093814104 4.801228523
0.136582136 0.025409645 0.990298182 3.087579251 0.011812465 0.999556988 -0.027276112 -0.169419825 -0.990554750 0.015427346 0.136221826 4.806326389
0.183072358 0.021304792 0.982859790 3.114494204 0.009332247 0.999680728 -0.023407604 -0.170807585 -0.983047992 0.013464529 0.182815581 4.810487986
0.231759876 0.018446369 0.972586989 3.142920375 0.004815242 0.999783784 -0.020111917 -0.171671130 -0.972752244 0.009353165 0.231620699 4.818725348
0.283745468 0.016435842 0.958746821 3.171160817 0.001319002 0.999842077 -0.017537607 -0.173296481 -0.958888531 0.006249656 0.283677042 4.828158617
0.338567972 0.016041670 0.940791965 3.198081135 0.000861276 0.999846518 -0.017365863 -0.174273297 -0.940929293 0.006697331 0.338500768 4.839319944
0.398140580 0.016604352 0.917152554 3.224071622 0.002995894 0.999805361 -0.019407866 -0.175098262 -0.917299301 0.010484514 0.398012698 4.850867748
0.463050485 0.019740281 0.886047006 3.250250578 0.002929641 0.999710232 -0.023807669 -0.176361054 -0.886263967 0.013640920 0.462859243 4.862012148
0.523193986 0.023162297 0.851791859 3.274088859 0.003587085 0.999559820 -0.029377239 -0.177598580 -0.852100342 0.018452553 0.522882640 4.877502203
0.580563247 0.028186848 0.813633174 3.296847462 -0.000505656 0.999412566 -0.034247523 -0.178178526 -0.814120561 0.019479578 0.580236971 4.895696402
0.637705147 0.029946055 0.769541383 3.318224430 -0.004816420 0.999379098 -0.034881551 -0.180254578 -0.770108312 0.018551353 0.637454004 4.913510085
0.690978855 0.029806255 0.722031146 3.338849544 -0.006157409 0.999355167 -0.035333004 -0.182107552 -0.722618967 0.019991461 0.690718144 4.934166669
0.738625139 0.027784175 0.673309386 3.355737329 -0.006491907 0.999396801 -0.034075266 -0.183478065 -0.673849762 0.020802391 0.738360167 4.954891682
0.781927526 0.024554218 0.622650593 3.369506836 -0.008368902 0.999546766 -0.028864075 -0.184700817 -0.623078376 0.017345066 0.781778693 4.977577448
0.823513925 0.017451885 0.566708267 3.385346890 -0.007462741 0.999772131 -0.019874234 -0.186688758 -0.566927672 0.012121542 0.823456436 5.001757621
0.857282221 0.015216641 0.514408231 3.396315336 -0.009534035 0.999859989 -0.013636625 -0.187538594 -0.514543951 0.006783697 0.857307136 5.029715299
0.887487978 0.011870596 0.460410029 3.407724023 -0.009914529 0.999927074 -0.006606441 -0.187971577 -0.460456193 0.001286986 0.887540847 5.057292700
0.913084149 0.011701865 0.407181621 3.419449091 -0.012557307 0.999916315 -0.000470288 -0.189118839 -0.407158419 -0.004720060 0.913156360 5.086384535
0.932416230 0.013292508 0.360662803 3.427472114 -0.015803371 0.999861867 0.004149844 -0.190654047 -0.360561148 -0.009591435 0.932497531 5.113525390
0.947838396 0.019018452 0.317419499 3.436732411 -0.022505651 0.999708235 0.007569144 -0.191480153 -0.317191541 -0.014367357 0.947991550 5.144037008
0.959306866 0.022608877 0.280404777 3.444681048 -0.025522394 0.999638319 0.007077491 -0.191684998 -0.280151516 -0.013996227 0.959538281 5.174732924
0.967997581 0.024919578 0.248491049 3.451679230 -0.027465877 0.999584973 0.007171776 -0.191711962 -0.248219170 -0.013828330 0.968283117 5.205272436
0.973821879 0.019439072 0.224919185 3.457974553 -0.021576984 0.999724358 0.007530485 -0.191716373 -0.224724547 -0.012269176 0.973978699 5.232769489
0.977659374 0.015860165 0.207739614 3.465279817 -0.017830624 0.999790460 0.008212656 -0.191810496 -0.207582027 -0.011826389 0.977744281 5.264006615
0.980191797 0.019866727 0.194971986 3.470589638 -0.021709925 0.999717325 0.007939859 -0.191845066 -0.194773361 -0.012106122 0.980352402 5.296230316
0.982370884 0.024493951 0.182746239 3.476636648 -0.026457892 0.999591261 0.009057827 -0.191708736 -0.182465471 -0.013839940 0.982625186 5.328435660
0.984158367 0.030502190 0.170765563 3.483448863 -0.032196249 0.999419272 0.008277233 -0.191204995 -0.170439087 -0.013815453 0.984584451 5.358279228
0.984189123 0.036246318 0.170071400 3.486590147 -0.037460823 0.999260932 0.004886688 -0.191836201 -0.169790782 -0.011332904 0.984834909 5.388753653
0.984086395 0.037688082 0.170120851 3.491719603 -0.038305641 0.999235392 0.001420726 -0.191490777 -0.169963464 -0.008084541 0.984796017 5.423505306
0.984459102 0.034193048 0.167867370 3.496981382 -0.034321696 0.999369442 -0.000962973 -0.191377163 -0.167833134 -0.005077633 0.985052496 5.456674337
0.983948707 0.028024986 0.171520271 3.495751977 -0.026941406 0.999533385 -0.007552626 -0.189063802 -0.171719045 0.002379232 0.984357655 5.495639086
0.983270586 0.028448003 0.175410479 3.502336741 -0.026574648 0.999499589 -0.011984161 -0.189415253 -0.175731167 0.006694902 0.983650654 5.528807401
0.981479197 0.025593138 0.185966126 3.481386423 -0.023224715 0.999434888 -0.014960953 -0.181986556 -0.186298594 0.009735513 0.981888234 5.582610130
0.980360270 0.028402005 0.191472888 3.487996817 -0.026747032 0.999391794 -0.011365014 -0.182330496 -0.191726059 0.005397515 0.980896473 5.618276596
0.979011208 0.027707426 0.198928043 3.476577758 -0.026764293 0.999465644 -0.007648515 -0.178459659 -0.199060627 0.001650716 0.979523629 5.661926985
0.978329182 0.023455391 0.202792845 3.484612703 -0.023538394 0.999567330 -0.002264368 -0.178760440 -0.202783473 -0.003079235 0.978761703 5.699063063
0.977907360 0.022417840 0.204709821 3.478600622 -0.023732074 0.999574751 0.003971500 -0.176980287 -0.204583585 -0.009269627 0.978285253 5.739666700
0.977417767 0.017811130 0.207560613 3.486990094 -0.019231827 0.999673069 0.004864482 -0.177183106 -0.207458980 -0.009257628 0.977690547 5.777566433
0.976028859 0.018019946 0.215142101 3.475249052 -0.018954274 0.999739170 0.002454840 -0.175922431 -0.215090305 -0.006779310 0.976259917 5.809647083
0.976179063 0.017327398 0.214530528 3.484298944 -0.016680449 0.999770135 -0.004624113 -0.176087312 -0.214613915 0.000630545 0.976392239 5.848429918
0.972584606 0.029863854 0.230491609 3.451742410 -0.027817587 0.999532789 -0.012020900 -0.171531029 -0.230750955 0.005262236 0.972964615 5.880371570
0.973094523 0.032896918 0.227924161 3.460936188 -0.029993578 0.999412954 -0.016095124 -0.171868123 -0.228327423 0.008809745 0.973513484 5.922173738
0.972616851 0.034135308 0.229877003 3.453931331 -0.032261497 0.999402196 -0.011861267 -0.169596248 -0.230143145 0.004121404 0.973137140 5.960135937
0.973093093 0.029942311 0.228440903 3.464278818 -0.029726840 0.999542565 -0.004341866 -0.170253575 -0.228465378 -0.002564835 0.973538398 6.004062891
0.973734170 0.031089729 0.225526951 3.467446685 -0.032351156 0.999465197 0.001962800 -0.170085833 -0.225341335 -0.009203549 0.974221349 6.052961588
0.973983139 0.034691639 0.223921798 3.477185965 -0.035817826 0.999349296 0.001026675 -0.170414753 -0.223736272 -0.009016174 0.974594474 6.098124504
0.973398865 0.039835822 0.225625053 3.477270722 -0.039715788 0.999194741 -0.005079088 -0.167620644 -0.225643829 -0.004017346 0.974198312 6.156914473
0.974300593 0.040380457 0.221601524 3.487563014 -0.039033798 0.999179989 -0.010459922 -0.168091334 -0.221840971 0.001540943 0.975078434 6.202881813
0.975270688 0.038367396 0.217656888 3.494204759 -0.036173489 0.999245257 -0.014060665 -0.166649424 -0.218032815 0.005839772 0.975922525 6.259865522
0.976191074 0.036148186 0.213877901 3.504498362 -0.034231685 0.999332636 -0.012663361 -0.167431273 -0.214193263 0.005040610 0.976776987 6.307750940
0.977054596 0.032857011 0.210439250 3.512550473 -0.031265603 0.999451309 -0.010886685 -0.167306490 -0.210681662 0.004057404 0.977545797 6.365504265
0.977472842 0.031702698 0.208666370 3.522588015 -0.030679832 0.999495685 -0.008139146 -0.168200910 -0.208819114 0.001553930 0.977952510 6.412807941
0.978110910 0.028061692 0.206180140 3.533187866 -0.027394308 0.999605685 -0.006087122 -0.168111816 -0.206270098 0.000305199 0.978494107 6.469347953
0.978356213 0.023096729 0.205632709 3.543821573 -0.022608146 0.999732792 -0.004722523 -0.168783970 -0.205687247 -0.000029037 0.978617132 6.516697169
0.978137135 0.024630384 0.206496574 3.551474810 -0.024309538 0.999696076 -0.004091166 -0.168002151 -0.206534602 -0.001018213 0.978438646 6.572002649
0.978015065 0.029754071 0.206400610 3.561356068 -0.029153720 0.999557227 -0.005950159 -0.169205867 -0.206486263 -0.000198000 0.978449464 6.619946956
0.977707893 0.034939543 0.207041868 3.571266890 -0.033731292 0.999387026 -0.009364539 -0.169636511 -0.207242109 0.002171931 0.978287190 6.674444437
0.977184266 0.044006551 0.207784005 3.581109405 -0.042670268 0.999029606 -0.010910698 -0.170682445 -0.208062529 0.001795534 0.978113800 6.723306417
0.976230323 0.050284689 0.210821256 3.591432452 -0.049251117 0.998734772 -0.010154186 -0.171989762 -0.211065114 -0.000470379 0.977471769 6.775724649
0.975501179 0.053334879 0.213429884 3.602509379 -0.052808146 0.998570949 -0.008172303 -0.172964424 -0.213560730 -0.003298598 0.976924181 6.824716092
0.974927783 0.053709810 0.215940736 3.614143014 -0.053022443 0.998552531 -0.008979251 -0.174004361 -0.216110259 -0.002695505 0.976365149 6.878217936
0.974551558 0.052349204 0.217963479 3.624698758 -0.051031588 0.998628319 -0.011673597 -0.174972854 -0.218275420 0.000253665 0.975887060 6.927876949
0.974730343 0.045874890 0.218620569 3.638766885 -0.044709917 0.998946786 -0.010274010 -0.176090144 -0.218861490 0.000240543 0.975755453 6.979311705
0.975045353 0.039312605 0.218494341 3.650642037 -0.037680449 0.999221891 -0.011631673 -0.177313783 -0.218781456 0.003109021 0.975768327 7.028966665
0.974863023 0.038700698 0.219414480 3.663607955 -0.037034378 0.999245256 -0.011702944 -0.178624041 -0.219701767 0.003283565 0.975560874 7.080967188
0.974277705 0.041050375 0.221577160 3.674252748 -0.040075541 0.999156654 -0.008893826 -0.179599888 -0.221755199 -0.000214064 0.975101858 7.131102800
0.973836571 0.043176260 0.223106786 3.686127067 -0.043565949 0.999045134 -0.003175948 -0.180630177 -0.223030768 -0.006626257 0.974788368 7.183217525
0.973521054 0.046385284 0.223838687 3.697045803 -0.047820955 0.998855173 0.000996114 -0.181587204 -0.223536089 -0.011673337 0.974625110 7.232913733
0.973280668 0.045911703 0.224976964 3.709462404 -0.045847463 0.998932481 -0.005510428 -0.182629749 -0.224989541 -0.004950313 0.974347949 7.284108401
0.973615974 0.041649624 0.224356197 3.721334576 -0.038159412 0.999073535 -0.019870621 -0.183696411 -0.224975787 0.010785838 0.974304258 7.332583904
0.973987073 0.039544277 0.223121598 3.734966635 -0.033920726 0.999003559 -0.028979846 -0.184887379 -0.224045046 0.020658691 0.974359184 7.382971764
0.974242359 0.036580460 0.222511105 3.746106863 -0.032995781 0.999258608 -0.019805548 -0.186038696 -0.223070487 0.011954726 0.974728227 7.432173729
0.974463165 0.030318905 0.222485587 3.758744598 -0.031287580 0.999508798 0.000830597 -0.187314331 -0.222350865 -0.007769805 0.974935532 7.484423876
0.974708230 0.026878544 0.221853815 3.769662142 -0.031209703 0.999382854 0.016040939 -0.188480892 -0.221285246 -0.022558530 0.974947810 7.534022808
